age,gender,chestpain,restingBP,serumcholestrol,fastingbloodsugar,restingrelectro,maxheartrate,exerciseangia,oldpeak,target,komorbite,rest,egzersiz_toleransi_skoru,age_gender_Genc_yaslı_kadin,age_gender_Orta_yas_erkek,age_gender_Orta_yas_kadin,age_gender_Orta_yasli_erkek,age_gender_Orta_yasli_kadin,age_gender_Yetiskin_erkek,age_gender_Yetiskin_kadin
53,1,3,171,410.2,0,1,147,0,5.3,1,1,2,5,0.0,0.0,0.0,0.0,0.0,0.0,0.0
40,1,1,94,229.0,0,1,115,0,3.7,0,0,1,5,0.0,1.0,0.0,0.0,0.0,0.0,0.0
49,1,3,133,142.0,0,0,202,1,5.0,0,0,0,6,0.0,1.0,0.0,0.0,0.0,0.0,0.0
43,1,1,138,295.0,1,1,153,0,3.2,1,2,1,3,0.0,1.0,0.0,0.0,0.0,0.0,0.0
31,1,2,199,357.8,0,2,136,0,5.3,1,1,3,6,0.0,0.0,0.0,0.0,0.0,1.0,0.0
24,1,2,173,355.2,0,0,161,0,4.7,1,1,1,5,0.0,0.0,0.0,0.0,0.0,1.0,0.0
79,1,3,130,240.0,0,2,157,0,2.5,1,0,2,2,0.0,0.0,0.0,1.0,0.0,0.0,0.0
52,1,1,127,345.0,0,0,192,1,4.9,0,1,0,5,0.0,0.0,0.0,0.0,0.0,0.0,0.0
62,1,1,121,357.0,0,1,138,0,2.8,0,1,1,2,0.0,0.0,0.0,0.0,0.0,0.0,0.0
61,0,1,190,181.0,0,1,150,0,2.9,1,0,2,2,1.0,0.0,0.0,0.0,0.0,0.0,0.0
59,0,2,190,529.0,1,1,151,1,3.2,1,2,2,4,1.0,0.0,0.0,0.0,0.0,0.0,0.0
58,1,3,192,409.0,1,0,138,0,2.3,1,2,1,2,0.0,0.0,0.0,0.0,0.0,0.0,0.0
27,1,1,129,135.0,0,1,192,1,1.0,0,0,1,2,0.0,0.0,0.0,0.0,0.0,1.0,0.0
59,1,1,98,209.0,0,0,117,1,5.6,0,0,0,7,0.0,0.0,0.0,0.0,0.0,0.0,0.0
58,1,1,170,354.0,0,0,170,0,5.6,0,1,1,5,0.0,0.0,0.0,0.0,0.0,0.0,0.0
32,1,3,188,289.4,0,0,134,1,4.5,1,1,1,6,0.0,0.0,0.0,0.0,0.0,1.0,0.0
42,0,4,137,350.0,0,1,110,0,3.2,1,1,1,5,0.0,0.0,1.0,0.0,0.0,0.0,0.0
65,1,1,200,247.0,1,1,194,1,3.7,0,2,2,4,0.0,0.0,0.0,1.0,0.0,0.0,0.0
59,1,3,182,177.0,0,1,168,0,2.1,1,0,2,2,0.0,0.0,0.0,0.0,0.0,0.0,0.0
35,1,1,127,269.0,0,0,87,1,3.8,0,1,0,7,0.0,0.0,0.0,0.0,0.0,1.0,0.0
39,1,4,196,253.0,1,2,140,1,3.5,1,2,3,5,0.0,0.0,0.0,0.0,0.0,1.0,0.0
72,1,2,177,397.0,0,2,124,0,5.2,1,1,3,6,0.0,0.0,0.0,1.0,0.0,0.0,0.0
24,0,1,136,164.0,0,0,91,1,1.8,0,0,0,5,0.0,0.0,0.0,0.0,0.0,0.0,1.0
59,1,3,156,223.0,0,2,184,1,2.4,1,0,3,3,0.0,0.0,0.0,0.0,0.0,0.0,0.0
40,1,2,191,349.0,1,0,177,1,4.8,1,2,1,5,0.0,1.0,0.0,0.0,0.0,0.0,0.0
71,1,2,101,352.0,0,1,183,0,3.6,0,1,1,3,0.0,0.0,0.0,1.0,0.0,0.0,0.0
46,1,1,198,253.0,0,0,199,1,2.1,0,1,1,3,0.0,1.0,0.0,0.0,0.0,0.0,0.0
42,1,1,157,351.2,0,2,196,0,4.2,1,1,3,4,0.0,1.0,0.0,0.0,0.0,0.0,0.0
72,0,3,126,478.0,1,2,119,1,2.9,1,2,2,4,0.0,0.0,0.0,0.0,1.0,0.0,0.0
49,0,2,192,521.0,0,2,133,0,2.9,1,1,3,3,0.0,0.0,1.0,0.0,0.0,0.0,0.0
23,0,1,97,175.0,0,0,195,1,0.8,0,0,0,1,0.0,0.0,0.0,0.0,0.0,0.0,1.0
20,1,1,199,248.0,0,0,86,1,3.2,0,1,1,7,0.0,0.0,0.0,0.0,0.0,1.0,0.0
78,0,1,186,404.0,1,2,195,1,2.7,1,2,3,3,0.0,0.0,0.0,0.0,1.0,0.0,0.0
29,1,1,153,357.0,0,1,202,1,3.5,0,1,2,4,0.0,0.0,0.0,0.0,0.0,1.0,0.0
35,1,3,164,86.0,0,1,151,0,0.9,1,0,2,1,0.0,0.0,0.0,0.0,0.0,1.0,0.0
75,1,1,126,357.0,0,0,127,1,5.5,0,1,0,6,0.0,0.0,0.0,1.0,0.0,0.0,0.0
71,1,2,189,231.0,1,1,149,0,1.4,1,1,2,1,0.0,0.0,0.0,1.0,0.0,0.0,0.0
25,1,1,200,247.0,1,0,156,1,5.6,0,2,1,7,0.0,0.0,0.0,0.0,0.0,1.0,0.0
32,1,2,99,248.0,0,0,125,1,0.1,0,1,0,3,0.0,0.0,0.0,0.0,0.0,1.0,0.0
48,0,1,132,241.0,0,1,78,0,2.1,0,1,1,5,0.0,0.0,1.0,0.0,0.0,0.0,0.0
27,1,3,159,546.0,0,2,135,0,5.0,1,1,3,7,0.0,0.0,0.0,0.0,0.0,1.0,0.0
53,1,3,123,326.0,1,2,185,0,4.3,1,2,2,4,0.0,0.0,0.0,0.0,0.0,0.0,0.0
48,1,2,186,381.0,1,0,177,1,0.1,1,2,1,1,0.0,1.0,0.0,0.0,0.0,0.0,0.0
71,1,3,136,417.0,0,1,191,1,3.3,1,1,1,4,0.0,0.0,0.0,1.0,0.0,0.0,0.0
37,0,3,198,472.0,0,0,184,0,2.9,1,1,1,2,0.0,0.0,0.0,0.0,0.0,0.0,1.0
66,1,3,135,252.0,0,0,83,0,3.4,0,1,0,5,0.0,0.0,0.0,1.0,0.0,0.0,0.0
22,1,1,126,296.0,0,1,175,0,4.3,0,1,1,4,0.0,0.0,0.0,0.0,0.0,1.0,0.0
49,1,1,193,296.0,1,1,108,1,5.6,0,2,2,8,0.0,1.0,0.0,0.0,0.0,0.0,0.0
26,1,1,124,249.0,0,0,140,0,2.1,0,1,0,3,0.0,0.0,0.0,0.0,0.0,1.0,0.0
51,1,1,127,325.0,0,1,118,1,4.1,0,1,1,7,0.0,0.0,0.0,0.0,0.0,0.0,0.0
77,1,2,125,135.0,0,0,100,0,1.8,0,0,0,3,0.0,0.0,0.0,1.0,0.0,0.0,0.0
43,1,2,178,389.0,0,1,137,0,5.7,1,1,2,6,0.0,1.0,0.0,0.0,0.0,0.0,0.0
28,1,3,139,536.0,0,2,181,1,5.3,1,1,2,6,0.0,0.0,0.0,0.0,0.0,1.0,0.0
20,1,3,189,231.0,0,0,114,1,2.4,1,0,1,5,0.0,0.0,0.0,0.0,0.0,1.0,0.0
54,1,3,170,248.0,1,2,140,1,2.3,1,2,3,4,0.0,0.0,0.0,0.0,0.0,0.0,0.0
79,0,1,186,211.0,0,2,97,1,1.7,1,0,3,4,0.0,0.0,0.0,0.0,1.0,0.0,0.0
41,1,3,128,199.0,1,2,176,1,0.3,1,1,2,1,0.0,1.0,0.0,0.0,0.0,0.0,0.0
72,1,3,144,322.0,1,0,142,0,0.8,1,2,1,0,0.0,0.0,0.0,1.0,0.0,0.0,0.0
63,1,3,161,208.0,1,2,126,0,4.9,1,1,3,5,0.0,0.0,0.0,0.0,0.0,0.0,0.0
28,1,1,142,138.0,0,0,105,0,0.7,0,0,1,2,0.0,0.0,0.0,0.0,0.0,1.0,0.0
73,1,3,183,431.0,0,2,111,0,2.5,1,1,3,3,0.0,0.0,0.0,1.0,0.0,0.0,0.0
77,1,2,196,491.0,0,1,154,0,2.2,1,1,2,2,0.0,0.0,0.0,1.0,0.0,0.0,0.0
68,0,1,140,244.0,0,1,90,1,0.1,0,1,1,3,0.0,0.0,0.0,0.0,1.0,0.0,0.0
34,1,1,137,199.0,0,0,113,1,5.1,0,0,0,8,0.0,0.0,0.0,0.0,0.0,1.0,0.0
77,0,4,136,359.0,1,2,167,0,2.6,1,2,2,2,0.0,0.0,0.0,0.0,1.0,0.0,0.0
38,1,1,151,193.0,0,1,198,0,1.4,1,0,2,1,0.0,0.0,0.0,0.0,0.0,1.0,0.0
79,1,4,200,264.0,1,2,167,0,1.1,1,2,3,1,0.0,0.0,0.0,1.0,0.0,0.0,0.0
73,1,1,143,351.0,1,2,174,1,1.8,1,2,3,2,0.0,0.0,0.0,1.0,0.0,0.0,0.0
61,1,3,132,360.4,0,1,172,0,1.1,1,1,1,1,0.0,0.0,0.0,0.0,0.0,0.0,0.0
55,1,1,111,357.0,0,0,89,1,3.6,0,1,0,6,0.0,0.0,0.0,0.0,0.0,0.0,0.0
78,1,3,172,309.0,1,2,173,0,6.0,1,2,3,6,0.0,0.0,0.0,1.0,0.0,0.0,0.0
77,0,2,195,394.8,0,1,129,1,1.2,1,1,2,2,0.0,0.0,0.0,0.0,1.0,0.0,0.0
73,1,3,150,176.0,0,1,165,0,0.2,1,0,2,0,0.0,0.0,0.0,1.0,0.0,0.0,0.0
41,0,1,141,410.0,0,1,124,0,1.9,0,1,2,3,0.0,0.0,1.0,0.0,0.0,0.0,0.0
69,1,3,153,328.0,0,1,125,0,5.9,1,1,2,6,0.0,0.0,0.0,1.0,0.0,0.0,0.0
21,1,2,191,504.0,1,2,194,1,6.1,1,2,3,7,0.0,0.0,0.0,0.0,0.0,1.0,0.0
57,1,2,189,561.0,0,2,116,1,4.9,1,1,3,6,0.0,0.0,0.0,0.0,0.0,0.0,0.0
68,1,1,137,345.0,0,1,160,0,3.5,0,1,1,3,0.0,0.0,0.0,1.0,0.0,0.0,0.0
63,0,3,131,87.0,0,2,198,1,1.9,1,0,2,2,1.0,0.0,0.0,0.0,0.0,0.0,0.0
51,1,3,170,177.0,0,1,155,1,5.0,1,0,2,6,0.0,0.0,0.0,0.0,0.0,0.0,0.0
41,0,1,126,433.0,1,2,171,1,2.1,0,2,2,3,0.0,0.0,1.0,0.0,0.0,0.0,0.0
37,1,1,145,257.0,1,0,126,0,4.7,0,2,1,6,0.0,0.0,0.0,0.0,0.0,1.0,0.0
37,1,2,111,345.0,0,1,195,0,0.0,0,1,1,0,0.0,0.0,0.0,0.0,0.0,1.0,0.0
73,1,3,126,508.0,1,2,185,1,5.6,1,2,2,6,0.0,0.0,0.0,1.0,0.0,0.0,0.0
55,1,1,99,132.0,0,0,102,0,4.1,0,0,0,6,0.0,0.0,0.0,0.0,0.0,0.0,0.0
61,1,4,199,316.0,1,0,115,0,1.2,1,2,1,2,0.0,0.0,0.0,0.0,0.0,0.0,0.0
60,1,3,147,392.0,0,2,164,1,0.3,1,1,3,1,0.0,0.0,0.0,0.0,0.0,0.0,0.0
23,1,4,143,221.0,0,0,152,1,2.0,0,0,1,4,0.0,0.0,0.0,0.0,0.0,1.0,0.0
22,1,1,143,481.0,1,2,173,1,1.7,1,2,3,2,0.0,0.0,0.0,0.0,0.0,1.0,0.0
43,0,1,189,261.0,0,1,99,0,0.9,1,1,2,2,0.0,0.0,1.0,0.0,0.0,0.0,0.0
74,1,4,143,299.0,0,0,161,1,0.7,0,1,1,1,0.0,0.0,0.0,1.0,0.0,0.0,0.0
44,1,2,169,396.8,0,2,174,1,6.0,1,1,3,7,0.0,1.0,0.0,0.0,0.0,0.0,0.0
43,0,2,186,236.0,0,1,79,1,1.5,0,0,2,5,0.0,0.0,1.0,0.0,0.0,0.0,0.0
36,1,1,155,336.0,0,0,169,1,2.7,1,1,1,3,0.0,0.0,0.0,0.0,0.0,1.0,0.0
34,1,3,172,551.0,1,0,198,1,1.0,1,2,1,2,0.0,0.0,0.0,0.0,0.0,1.0,0.0
43,0,1,190,329.6,0,1,101,1,0.4,1,1,2,3,0.0,0.0,1.0,0.0,0.0,0.0,0.0
61,1,1,151,305.0,0,1,191,1,3.1,1,1,2,4,0.0,0.0,0.0,0.0,0.0,0.0,0.0
26,1,3,97,502.0,1,2,141,1,3.5,1,2,2,5,0.0,0.0,0.0,0.0,0.0,1.0,0.0
77,1,1,111,133.0,0,0,202,0,3.6,0,0,0,3,0.0,0.0,0.0,1.0,0.0,0.0,0.0
42,1,2,195,390.0,1,2,162,1,4.7,1,2,3,5,0.0,1.0,0.0,0.0,0.0,0.0,0.0
21,1,2,180,467.0,0,0,114,0,0.1,1,1,1,2,0.0,0.0,0.0,0.0,0.0,1.0,0.0
35,0,1,104,213.0,0,0,167,1,2.6,0,0,0,3,0.0,0.0,0.0,0.0,0.0,0.0,1.0
80,1,2,130,342.0,0,0,176,1,2.5,0,1,0,3,0.0,0.0,0.0,1.0,0.0,0.0,0.0
31,0,1,190,249.0,0,1,196,1,3.2,1,1,2,4,0.0,0.0,0.0,0.0,0.0,0.0,1.0
27,1,3,184,368.0,1,0,136,0,3.3,1,2,1,4,0.0,0.0,0.0,0.0,0.0,1.0,0.0
73,1,1,100,354.0,0,1,165,0,0.4,0,1,1,0,0.0,0.0,0.0,1.0,0.0,0.0,0.0
70,1,1,155,203.0,1,1,111,0,4.4,1,1,2,5,0.0,0.0,0.0,1.0,0.0,0.0,0.0
30,1,1,153,268.0,1,1,87,1,3.8,0,2,2,7,0.0,0.0,0.0,0.0,0.0,1.0,0.0
48,1,3,135,286.0,1,0,194,0,3.9,1,2,0,3,0.0,1.0,0.0,0.0,0.0,0.0,0.0
23,1,3,180,222.0,0,0,201,1,2.3,1,0,1,3,0.0,0.0,0.0,0.0,0.0,1.0,0.0
33,0,2,191,363.0,0,0,167,1,1.9,1,1,1,2,0.0,0.0,0.0,0.0,0.0,0.0,1.0
76,1,1,125,146.0,0,1,166,0,4.4,0,0,1,4,0.0,0.0,0.0,1.0,0.0,0.0,0.0
31,1,1,138,86.0,0,0,145,1,0.8,1,0,0,2,0.0,0.0,0.0,0.0,0.0,1.0,0.0
24,1,1,123,257.0,1,0,136,0,3.5,0,2,0,5,0.0,0.0,0.0,0.0,0.0,1.0,0.0
76,0,1,135,464.0,0,0,90,0,0.8,0,1,0,2,0.0,0.0,0.0,0.0,1.0,0.0,0.0
67,1,1,158,325.0,0,0,120,0,2.8,0,1,1,3,0.0,0.0,0.0,1.0,0.0,0.0,0.0
45,1,1,160,475.0,0,1,163,0,5.0,1,1,2,5,0.0,1.0,0.0,0.0,0.0,0.0,0.0
73,1,1,123,296.0,1,1,172,0,0.4,0,2,1,0,0.0,0.0,0.0,1.0,0.0,0.0,0.0
30,0,3,95,392.8,0,0,112,0,2.6,1,1,0,4,0.0,0.0,0.0,0.0,0.0,0.0,1.0
35,1,3,167,230.0,1,0,117,1,3.2,1,1,1,6,0.0,0.0,0.0,0.0,0.0,1.0,0.0
46,1,2,170,416.0,1,0,130,1,4.5,1,2,1,6,0.0,1.0,0.0,0.0,0.0,0.0,0.0
52,1,2,100,336.0,0,0,80,1,4.9,0,1,0,8,0.0,0.0,0.0,0.0,0.0,0.0,0.0
21,1,1,126,268.0,0,0,97,1,1.3,0,1,0,5,0.0,0.0,0.0,0.0,0.0,1.0,0.0
76,0,2,155,433.0,1,2,195,1,1.7,0,2,3,2,0.0,0.0,0.0,0.0,1.0,0.0,0.0
70,1,1,130,353.0,0,1,189,0,5.5,0,1,1,5,0.0,0.0,0.0,1.0,0.0,0.0,0.0
76,1,1,97,269.0,0,0,134,1,5.4,0,1,0,6,0.0,0.0,0.0,1.0,0.0,0.0,0.0
69,1,1,154,248.0,1,0,105,0,2.1,1,2,1,4,0.0,0.0,0.0,1.0,0.0,0.0,0.0
67,1,2,127,139.0,0,0,86,1,3.6,0,0,0,6,0.0,0.0,0.0,1.0,0.0,0.0,0.0
60,0,2,197,495.0,0,1,97,1,1.6,1,1,2,4,1.0,0.0,0.0,0.0,0.0,0.0,0.0
66,1,3,131,457.0,0,1,168,0,4.8,1,1,1,4,0.0,0.0,0.0,1.0,0.0,0.0,0.0
75,1,1,198,137.0,0,0,98,1,2.8,0,0,1,5,0.0,0.0,0.0,1.0,0.0,0.0,0.0
44,1,2,100,132.0,0,0,128,0,2.2,0,0,0,3,0.0,1.0,0.0,0.0,0.0,0.0,0.0
73,1,3,159,212.0,0,1,190,0,2.9,1,0,2,2,0.0,0.0,0.0,1.0,0.0,0.0,0.0
65,1,3,137,517.0,0,0,113,1,0.7,1,1,0,2,0.0,0.0,0.0,1.0,0.0,0.0,0.0
67,1,1,147,554.0,0,0,139,1,0.6,1,1,1,1,0.0,0.0,0.0,1.0,0.0,0.0,0.0
32,1,1,126,306.0,0,0,150,0,2.2,0,1,0,3,0.0,0.0,0.0,0.0,0.0,1.0,0.0
42,1,2,175,287.0,0,1,186,1,0.8,1,1,2,1,0.0,1.0,0.0,0.0,0.0,0.0,0.0
46,1,3,177,537.0,1,1,147,0,4.5,1,2,2,5,0.0,1.0,0.0,0.0,0.0,0.0,0.0
23,1,1,136,357.0,0,1,134,1,5.1,0,1,1,8,0.0,0.0,0.0,0.0,0.0,1.0,0.0
25,1,1,158,336.0,0,1,85,1,2.0,0,1,2,6,0.0,0.0,0.0,0.0,0.0,1.0,0.0
43,1,1,152,250.0,0,0,154,1,0.8,1,1,1,1,0.0,1.0,0.0,0.0,0.0,0.0,0.0
66,1,1,198,248.0,0,0,73,1,1.5,0,1,1,5,0.0,0.0,0.0,1.0,0.0,0.0,0.0
28,1,2,175,552.0,0,2,159,0,0.6,1,1,3,1,0.0,0.0,0.0,0.0,0.0,1.0,0.0
71,1,1,122,318.0,1,2,156,1,0.8,0,2,2,1,0.0,0.0,0.0,1.0,0.0,0.0,0.0
29,0,2,191,499.0,1,0,186,0,1.8,1,2,1,1,0.0,0.0,0.0,0.0,0.0,0.0,1.0
27,1,3,155,478.0,0,0,132,0,4.4,1,1,1,6,0.0,0.0,0.0,0.0,0.0,1.0,0.0
62,1,1,159,269.0,1,2,185,1,3.9,1,2,3,4,0.0,0.0,0.0,0.0,0.0,0.0,0.0
37,0,3,124,310.0,1,2,160,1,0.2,1,2,2,1,0.0,0.0,0.0,0.0,0.0,0.0,1.0
36,0,3,104,403.0,0,0,98,1,1.9,1,1,0,4,0.0,0.0,0.0,0.0,0.0,0.0,1.0
51,1,3,133,357.0,0,0,113,0,5.5,0,1,0,7,0.0,0.0,0.0,0.0,0.0,0.0,0.0
32,1,3,161,307.4,0,1,139,1,2.1,1,1,2,4,0.0,0.0,0.0,0.0,0.0,1.0,0.0
32,1,3,163,239.0,1,0,164,1,0.7,1,1,1,1,0.0,0.0,0.0,0.0,0.0,1.0,0.0
20,1,2,163,316.8,0,0,147,1,5.5,1,1,1,7,0.0,0.0,0.0,0.0,0.0,1.0,0.0
44,1,2,132,330.0,0,1,194,1,4.3,0,1,1,5,0.0,1.0,0.0,0.0,0.0,0.0,0.0
72,1,3,174,502.0,0,1,124,1,4.3,1,1,2,6,0.0,0.0,0.0,1.0,0.0,0.0,0.0
66,1,2,108,278.0,0,0,168,0,4.9,0,1,0,4,0.0,0.0,0.0,1.0,0.0,0.0,0.0
63,1,1,146,181.0,0,0,169,0,1.0,1,0,1,1,0.0,0.0,0.0,0.0,0.0,0.0,0.0
60,1,3,152,327.0,1,1,147,1,2.4,1,2,2,3,0.0,0.0,0.0,0.0,0.0,0.0,0.0
45,1,1,143,142.0,0,0,72,1,1.4,0,0,1,5,0.0,1.0,0.0,0.0,0.0,0.0,0.0
65,1,2,176,385.0,1,1,186,0,2.8,1,2,2,2,0.0,0.0,0.0,1.0,0.0,0.0,0.0
66,0,1,143,209.0,0,1,103,1,1.8,0,0,2,4,0.0,0.0,0.0,0.0,1.0,0.0,0.0
73,1,3,158,333.0,1,1,106,1,5.3,1,2,2,7,0.0,0.0,0.0,1.0,0.0,0.0,0.0
22,0,3,132,413.0,1,1,145,0,1.9,1,2,1,2,0.0,0.0,0.0,0.0,0.0,0.0,1.0
20,0,1,189,545.0,0,2,116,1,3.2,1,1,3,6,0.0,0.0,0.0,0.0,0.0,0.0,1.0
41,1,4,194,390.0,0,2,198,0,5.0,1,1,3,5,0.0,1.0,0.0,0.0,0.0,0.0,0.0
73,1,1,121,318.0,0,1,90,1,1.6,0,1,1,4,0.0,0.0,0.0,1.0,0.0,0.0,0.0
28,0,1,140,166.0,0,1,132,0,0.4,0,0,1,2,0.0,0.0,0.0,0.0,0.0,0.0,1.0
39,1,3,186,540.0,0,2,138,0,2.5,1,1,3,3,0.0,0.0,0.0,0.0,0.0,1.0,0.0
57,1,3,190,445.0,0,1,181,0,2.2,1,1,2,2,0.0,0.0,0.0,0.0,0.0,0.0,0.0
60,0,3,195,225.0,0,1,192,1,0.3,0,0,2,1,1.0,0.0,0.0,0.0,0.0,0.0,0.0
28,0,4,137,552.0,1,2,174,1,0.9,1,2,2,1,0.0,0.0,0.0,0.0,0.0,0.0,1.0
57,1,1,125,354.0,0,0,131,1,2.1,0,1,0,4,0.0,0.0,0.0,0.0,0.0,0.0,0.0
58,0,3,200,239.0,0,0,138,1,1.6,1,0,1,2,1.0,0.0,0.0,0.0,0.0,0.0,0.0
32,1,3,135,248.0,0,0,107,1,3.9,0,1,0,6,0.0,0.0,0.0,0.0,0.0,1.0,0.0
64,1,3,157,179.0,0,1,186,0,4.7,1,0,2,4,0.0,0.0,0.0,0.0,0.0,0.0,0.0
23,1,3,184,418.0,0,2,201,1,4.5,1,1,3,5,0.0,0.0,0.0,0.0,0.0,1.0,0.0
36,1,3,170,498.0,0,2,173,0,5.9,1,1,3,5,0.0,0.0,0.0,0.0,0.0,1.0,0.0
80,1,3,126,427.0,1,0,145,0,4.1,1,2,0,4,0.0,0.0,0.0,1.0,0.0,0.0,0.0
59,0,1,137,378.0,0,1,120,0,1.9,0,1,1,2,1.0,0.0,0.0,0.0,0.0,0.0,0.0
68,0,3,133,307.0,1,1,151,1,2.6,1,2,1,3,0.0,0.0,0.0,0.0,1.0,0.0,0.0
73,1,1,122,212.0,0,1,186,0,0.2,0,0,1,0,0.0,0.0,0.0,1.0,0.0,0.0,0.0
77,1,3,187,398.0,1,1,182,0,4.0,1,2,2,4,0.0,0.0,0.0,1.0,0.0,0.0,0.0
63,1,2,173,412.0,1,0,151,0,4.3,1,2,1,4,0.0,0.0,0.0,0.0,0.0,0.0,0.0
43,0,1,185,534.0,1,2,108,0,3.2,1,2,3,5,0.0,0.0,1.0,0.0,0.0,0.0,0.0
32,1,2,132,281.0,0,0,83,0,5.4,0,1,0,8,0.0,0.0,0.0,0.0,0.0,1.0,0.0
79,0,3,193,428.0,1,1,168,0,2.4,0,2,2,2,0.0,0.0,0.0,0.0,1.0,0.0,0.0
20,1,1,156,354.0,0,0,197,1,2.1,1,1,1,3,0.0,0.0,0.0,0.0,0.0,1.0,0.0
33,1,1,152,372.0,0,2,151,1,0.6,1,1,3,2,0.0,0.0,0.0,0.0,0.0,1.0,0.0
59,0,2,195,300.0,1,0,190,0,2.7,1,2,1,2,1.0,0.0,0.0,0.0,0.0,0.0,0.0
66,1,3,178,442.0,0,0,184,1,5.9,1,1,1,6,0.0,0.0,0.0,1.0,0.0,0.0,0.0
72,1,3,180,547.0,1,0,146,0,5.2,1,2,1,5,0.0,0.0,0.0,1.0,0.0,0.0,0.0
62,1,4,198,239.0,1,1,188,0,1.5,1,1,2,1,0.0,0.0,0.0,0.0,0.0,0.0,0.0
30,1,2,193,602.0,0,1,140,0,0.7,1,1,2,1,0.0,0.0,0.0,0.0,0.0,1.0,0.0
37,1,2,105,132.0,0,0,164,0,5.8,0,0,0,5,0.0,0.0,0.0,0.0,0.0,1.0,0.0
62,1,1,125,264.0,0,0,92,0,2.2,0,1,0,4,0.0,0.0,0.0,0.0,0.0,0.0,0.0
23,1,3,140,337.0,0,1,105,1,0.9,0,1,1,3,0.0,0.0,0.0,0.0,0.0,1.0,0.0
71,1,1,160,501.0,0,0,193,0,0.8,1,1,1,0,0.0,0.0,0.0,1.0,0.0,0.0,0.0
55,1,3,174,503.0,0,0,147,1,2.2,1,1,1,3,0.0,0.0,0.0,0.0,0.0,0.0,0.0
33,1,3,150,279.0,1,1,156,1,3.4,1,2,2,5,0.0,0.0,0.0,0.0,0.0,1.0,0.0
53,1,3,167,373.0,0,1,145,0,2.2,1,1,2,2,0.0,0.0,0.0,0.0,0.0,0.0,0.0
71,1,3,174,253.0,0,2,141,0,2.4,1,1,3,2,0.0,0.0,0.0,1.0,0.0,0.0,0.0
38,1,3,121,271.0,1,1,176,1,2.7,1,2,1,3,0.0,0.0,0.0,0.0,0.0,1.0,0.0
20,0,1,186,359.0,1,2,196,0,2.7,1,2,3,2,0.0,0.0,0.0,0.0,0.0,0.0,1.0
74,1,3,183,466.0,0,1,120,0,2.8,1,1,2,3,0.0,0.0,0.0,1.0,0.0,0.0,0.0
40,0,1,139,165.0,0,1,116,1,1.5,0,0,1,4,0.0,0.0,1.0,0.0,0.0,0.0,0.0
34,1,3,94,254.0,0,1,196,1,3.7,1,1,1,4,0.0,0.0,0.0,0.0,0.0,1.0,0.0
27,1,1,160,513.0,0,2,172,1,3.3,1,1,3,4,0.0,0.0,0.0,0.0,0.0,1.0,0.0
51,1,3,187,415.0,0,2,176,0,0.8,1,1,3,0,0.0,0.0,0.0,0.0,0.0,0.0,0.0
36,1,3,135,342.0,0,1,187,0,0.9,0,1,1,0,0.0,0.0,0.0,0.0,0.0,1.0,0.0
55,1,2,189,196.0,1,2,140,0,1.5,1,1,3,2,0.0,0.0,0.0,0.0,0.0,0.0,0.0
30,1,1,195,268.0,1,1,195,1,1.4,0,2,2,2,0.0,0.0,0.0,0.0,0.0,1.0,0.0
25,1,1,155,87.0,0,0,148,0,4.4,1,0,1,5,0.0,0.0,0.0,0.0,0.0,1.0,0.0
40,1,2,190,476.0,0,0,160,0,2.4,1,1,1,2,0.0,1.0,0.0,0.0,0.0,0.0,0.0
66,1,1,138,137.0,0,0,155,1,2.4,0,0,0,3,0.0,0.0,0.0,1.0,0.0,0.0,0.0
31,1,3,166,393.0,0,1,131,0,4.7,1,1,2,6,0.0,0.0,0.0,0.0,0.0,1.0,0.0
71,1,3,190,439.0,1,2,113,0,2.4,1,2,3,3,0.0,0.0,0.0,1.0,0.0,0.0,0.0
28,0,1,184,321.0,1,2,97,1,2.7,1,2,3,5,0.0,0.0,0.0,0.0,0.0,0.0,1.0
68,0,1,131,465.0,0,0,183,0,0.0,0,1,0,0,0.0,0.0,0.0,0.0,1.0,0.0,0.0
62,1,1,129,325.0,0,0,76,0,3.5,0,1,0,6,0.0,0.0,0.0,0.0,0.0,0.0,0.0
21,1,1,126,139.0,0,0,150,1,1.4,0,0,0,3,0.0,0.0,0.0,0.0,0.0,1.0,0.0
30,0,2,172,204.0,0,1,136,0,1.0,0,0,2,2,0.0,0.0,0.0,0.0,0.0,0.0,1.0
63,1,2,181,86.0,0,2,146,0,5.3,1,0,3,5,0.0,0.0,0.0,0.0,0.0,0.0,0.0
31,1,1,198,354.0,0,0,173,1,1.2,0,1,1,2,0.0,0.0,0.0,0.0,0.0,1.0,0.0
37,1,2,170,378.0,0,1,145,1,4.2,1,1,2,6,0.0,0.0,0.0,0.0,0.0,1.0,0.0
31,1,2,105,142.0,0,0,101,0,0.5,0,0,0,2,0.0,0.0,0.0,0.0,0.0,1.0,0.0
61,0,1,184,407.0,1,0,145,1,1.2,1,2,1,2,1.0,0.0,0.0,0.0,0.0,0.0,0.0
55,1,1,154,545.0,0,1,135,0,5.8,1,1,2,6,0.0,0.0,0.0,0.0,0.0,0.0,0.0
74,1,1,129,257.0,0,0,156,1,0.6,0,1,0,1,0.0,0.0,0.0,1.0,0.0,0.0,0.0
20,1,1,132,345.0,0,0,74,0,2.4,0,1,0,5,0.0,0.0,0.0,0.0,0.0,1.0,0.0
20,0,1,183,386.4,0,2,175,1,1.3,1,1,3,2,0.0,0.0,0.0,0.0,0.0,0.0,1.0
36,0,1,139,397.0,0,0,167,1,1.4,0,1,0,2,0.0,0.0,0.0,0.0,0.0,0.0,1.0
55,1,3,142,325.0,0,0,196,1,0.2,0,1,1,1,0.0,0.0,0.0,0.0,0.0,0.0,0.0
69,0,1,133,461.0,1,2,109,0,2.4,0,2,2,3,0.0,0.0,0.0,0.0,1.0,0.0,0.0
22,0,1,139,396.0,0,0,194,1,0.3,0,1,0,1,0.0,0.0,0.0,0.0,0.0,0.0,1.0
20,1,1,140,498.0,0,0,137,1,0.2,1,1,0,3,0.0,0.0,0.0,0.0,0.0,1.0,0.0
78,0,3,104,385.6,0,1,137,1,1.9,1,1,1,2,0.0,0.0,0.0,0.0,1.0,0.0,0.0
69,1,1,126,302.0,0,1,99,0,1.2,0,1,1,3,0.0,0.0,0.0,1.0,0.0,0.0,0.0
60,0,1,131,164.0,0,0,86,1,2.3,0,0,0,5,1.0,0.0,0.0,0.0,0.0,0.0,0.0
49,1,3,141,436.0,1,1,155,1,5.8,1,2,2,6,0.0,1.0,0.0,0.0,0.0,0.0,0.0
46,1,3,137,389.0,0,1,135,1,3.9,1,1,1,5,0.0,1.0,0.0,0.0,0.0,0.0,0.0
58,1,3,135,402.0,1,2,111,0,4.0,1,2,2,6,0.0,0.0,0.0,0.0,0.0,0.0,0.0
67,1,3,153,220.0,1,2,181,1,5.7,1,1,3,6,0.0,0.0,0.0,1.0,0.0,0.0,0.0
76,1,3,166,281.0,0,2,179,1,1.2,1,1,3,2,0.0,0.0,0.0,1.0,0.0,0.0,0.0
25,1,2,105,333.0,0,0,166,0,2.4,0,1,0,2,0.0,0.0,0.0,0.0,0.0,1.0,0.0
71,0,1,134,222.0,0,0,106,0,2.4,0,0,0,3,0.0,0.0,0.0,0.0,1.0,0.0,0.0
69,1,3,134,415.0,1,0,138,0,1.0,1,2,0,1,0.0,0.0,0.0,1.0,0.0,0.0,0.0
70,1,1,196,342.0,0,0,184,0,3.8,0,1,1,3,0.0,0.0,0.0,1.0,0.0,0.0,0.0
52,1,1,111,133.0,0,0,93,1,0.4,0,0,0,3,0.0,0.0,0.0,0.0,0.0,0.0,0.0
46,1,2,168,424.0,0,1,152,1,2.7,1,1,2,3,0.0,1.0,0.0,0.0,0.0,0.0,0.0
42,1,3,138,478.0,0,0,192,1,4.7,1,1,0,5,0.0,1.0,0.0,0.0,0.0,0.0,0.0
78,1,1,96,277.0,0,0,83,0,3.5,0,1,0,5,0.0,0.0,0.0,1.0,0.0,0.0,0.0
38,1,4,196,368.0,1,0,182,1,2.1,1,2,1,3,0.0,0.0,0.0,0.0,0.0,1.0,0.0
48,1,3,123,297.0,1,1,168,0,3.4,1,2,1,3,0.0,1.0,0.0,0.0,0.0,0.0,0.0
47,1,1,127,135.0,0,0,184,0,0.3,0,0,0,0,0.0,1.0,0.0,0.0,0.0,0.0,0.0
51,0,1,135,165.0,0,0,160,1,2.3,0,0,0,3,1.0,0.0,0.0,0.0,0.0,0.0,0.0
51,1,1,198,318.0,0,0,178,0,4.8,0,1,1,4,0.0,0.0,0.0,0.0,0.0,0.0,0.0
79,1,3,173,335.2,0,0,124,0,5.9,1,1,1,5,0.0,0.0,0.0,1.0,0.0,0.0,0.0
43,1,1,130,352.0,0,0,190,0,3.8,0,1,0,3,0.0,1.0,0.0,0.0,0.0,0.0,0.0
22,1,2,100,336.0,0,0,108,0,5.5,0,1,0,7,0.0,0.0,0.0,0.0,0.0,1.0,0.0
50,1,2,168,408.6,0,2,105,0,4.5,1,1,3,6,0.0,0.0,0.0,0.0,0.0,0.0,0.0
43,1,2,200,379.0,0,2,169,0,2.3,1,1,3,2,0.0,1.0,0.0,0.0,0.0,0.0,0.0
44,1,2,182,327.4,0,1,146,0,1.3,1,1,2,2,0.0,1.0,0.0,0.0,0.0,0.0,0.0
47,1,1,155,400.0,0,2,169,1,5.6,1,1,3,6,0.0,1.0,0.0,0.0,0.0,0.0,0.0
26,1,1,104,289.0,0,0,149,1,2.4,0,1,0,4,0.0,0.0,0.0,0.0,0.0,1.0,0.0
44,0,2,197,289.0,0,2,183,0,1.5,1,1,3,1,0.0,0.0,1.0,0.0,0.0,0.0,0.0
51,1,3,169,370.0,1,1,154,1,1.0,1,2,2,2,0.0,0.0,0.0,0.0,0.0,0.0,0.0
41,1,2,198,464.0,1,0,136,1,2.0,1,2,1,4,0.0,1.0,0.0,0.0,0.0,0.0,0.0
44,1,2,195,296.0,1,0,138,1,0.1,1,2,1,2,0.0,1.0,0.0,0.0,0.0,0.0,0.0
52,1,2,176,505.0,0,0,161,1,1.0,1,1,1,2,0.0,0.0,0.0,0.0,0.0,0.0,0.0
74,1,3,147,357.0,1,2,172,1,2.3,1,2,3,3,0.0,0.0,0.0,1.0,0.0,0.0,0.0
56,0,1,139,221.0,0,0,123,0,0.8,0,0,0,1,1.0,0.0,0.0,0.0,0.0,0.0,0.0
39,0,1,125,269.0,0,0,163,0,0.2,0,1,0,0,0.0,0.0,0.0,0.0,0.0,0.0,1.0
61,1,3,162,442.0,1,1,149,0,1.5,1,2,2,1,0.0,0.0,0.0,0.0,0.0,0.0,0.0
64,1,1,102,258.0,0,0,187,1,1.3,0,1,0,2,0.0,0.0,0.0,0.0,0.0,0.0,0.0
51,1,3,191,433.0,0,0,175,0,1.8,1,1,1,1,0.0,0.0,0.0,0.0,0.0,0.0,0.0
54,1,1,127,139.0,0,0,188,1,1.7,0,0,0,2,0.0,0.0,0.0,0.0,0.0,0.0,0.0
52,1,1,143,357.0,0,0,171,1,1.0,0,1,1,2,0.0,0.0,0.0,0.0,0.0,0.0,0.0
49,1,2,110,260.0,0,0,159,0,5.1,0,1,0,5,0.0,1.0,0.0,0.0,0.0,0.0,0.0
78,1,2,166,184.0,0,2,174,1,3.3,1,0,3,4,0.0,0.0,0.0,1.0,0.0,0.0,0.0
25,1,2,170,174.0,0,1,153,1,1.0,1,0,2,3,0.0,0.0,0.0,0.0,0.0,1.0,0.0
73,1,3,162,339.0,0,0,199,1,4.1,1,1,1,5,0.0,0.0,0.0,1.0,0.0,0.0,0.0
65,1,3,159,181.0,0,2,176,0,3.4,1,0,3,3,0.0,0.0,0.0,1.0,0.0,0.0,0.0
46,1,2,176,239.0,1,0,196,0,4.2,1,1,1,4,0.0,1.0,0.0,0.0,0.0,0.0,0.0
39,1,3,130,343.0,0,0,126,1,0.4,1,1,0,3,0.0,0.0,0.0,0.0,0.0,1.0,0.0
22,1,4,195,404.0,0,1,118,0,1.2,1,1,2,3,0.0,0.0,0.0,0.0,0.0,1.0,0.0
35,1,3,140,354.0,0,0,179,1,3.7,0,1,0,4,0.0,0.0,0.0,0.0,0.0,1.0,0.0
23,1,2,183,534.0,0,2,190,1,3.8,1,1,3,4,0.0,0.0,0.0,0.0,0.0,1.0,0.0
56,1,3,133,469.0,1,2,127,0,0.3,1,2,2,1,0.0,0.0,0.0,0.0,0.0,0.0,0.0
40,1,1,121,138.0,0,0,83,0,1.1,0,0,0,4,0.0,1.0,0.0,0.0,0.0,0.0,0.0
52,1,1,148,540.0,0,1,136,1,0.9,1,1,2,2,0.0,0.0,0.0,0.0,0.0,0.0,0.0
80,1,2,197,194.0,0,2,168,0,5.9,1,0,3,5,0.0,0.0,0.0,1.0,0.0,0.0,0.0
39,1,1,122,135.0,0,0,177,1,5.0,0,0,0,6,0.0,0.0,0.0,0.0,0.0,1.0,0.0
68,0,2,155,169.0,0,1,91,1,0.1,0,0,2,3,0.0,0.0,0.0,0.0,1.0,0.0,0.0
53,0,3,195,335.0,0,0,117,1,2.3,0,1,1,4,1.0,0.0,0.0,0.0,0.0,0.0,0.0
67,0,1,126,405.0,0,1,115,0,2.3,0,1,1,3,0.0,0.0,0.0,0.0,1.0,0.0,0.0
67,0,1,138,165.0,0,1,148,1,1.0,0,0,1,2,0.0,0.0,0.0,0.0,1.0,0.0,0.0
39,1,1,147,142.0,0,0,74,1,0.7,0,0,1,4,0.0,0.0,0.0,0.0,0.0,1.0,0.0
54,1,3,126,172.0,0,0,156,0,6.0,1,0,0,6,0.0,0.0,0.0,0.0,0.0,0.0,0.0
47,0,3,129,186.0,0,2,191,1,3.2,1,0,2,4,0.0,0.0,1.0,0.0,0.0,0.0,0.0
70,1,1,94,258.0,0,1,129,0,0.1,0,1,1,0,0.0,0.0,0.0,1.0,0.0,0.0,0.0
73,1,4,199,515.0,0,0,141,1,0.5,1,1,1,1,0.0,0.0,0.0,1.0,0.0,0.0,0.0
71,0,1,187,488.0,1,2,139,1,1.4,1,2,3,2,0.0,0.0,0.0,0.0,1.0,0.0,0.0
46,1,3,178,237.0,0,0,115,1,4.3,1,0,1,7,0.0,1.0,0.0,0.0,0.0,0.0,0.0
38,1,1,120,342.0,1,0,136,1,2.5,0,2,0,4,0.0,0.0,0.0,0.0,0.0,1.0,0.0
38,0,2,153,428.0,0,0,157,1,0.0,0,1,1,1,0.0,0.0,0.0,0.0,0.0,0.0,1.0
42,0,1,187,547.0,1,0,181,0,0.9,1,2,1,0,0.0,0.0,1.0,0.0,0.0,0.0,0.0
68,1,3,164,331.8,0,2,145,0,0.4,1,1,3,0,0.0,0.0,0.0,1.0,0.0,0.0,0.0
51,1,1,126,139.0,0,0,149,0,3.7,0,0,0,3,0.0,0.0,0.0,0.0,0.0,0.0,0.0
62,1,3,153,501.0,1,0,142,0,0.2,1,2,1,0,0.0,0.0,0.0,0.0,0.0,0.0,0.0
66,1,4,198,472.0,1,0,148,0,2.6,1,2,1,2,0.0,0.0,0.0,1.0,0.0,0.0,0.0
68,0,1,125,411.0,0,0,178,0,0.0,0,1,0,0,0.0,0.0,0.0,0.0,1.0,0.0,0.0
75,1,2,198,272.0,1,1,138,0,5.6,1,2,2,5,0.0,0.0,0.0,1.0,0.0,0.0,0.0
41,1,1,137,238.0,0,0,98,1,1.1,0,0,0,4,0.0,1.0,0.0,0.0,0.0,0.0,0.0
42,0,3,127,225.0,0,1,101,0,2.4,1,0,1,4,0.0,0.0,1.0,0.0,0.0,0.0,0.0
48,1,1,127,146.0,0,1,85,1,2.3,0,0,1,6,0.0,1.0,0.0,0.0,0.0,0.0,0.0
76,1,1,149,142.0,0,0,143,1,2.0,0,0,1,3,0.0,0.0,0.0,1.0,0.0,0.0,0.0
50,0,1,142,250.0,0,1,128,0,1.0,0,1,2,2,1.0,0.0,0.0,0.0,0.0,0.0,0.0
34,1,3,178,332.0,0,1,174,0,1.9,1,1,2,1,0.0,0.0,0.0,0.0,0.0,1.0,0.0
76,1,1,122,134.0,0,0,96,1,4.7,0,0,0,7,0.0,0.0,0.0,1.0,0.0,0.0,0.0
25,1,2,169,330.6,0,1,164,1,4.9,1,1,2,6,0.0,0.0,0.0,0.0,0.0,1.0,0.0
39,1,3,156,602.0,1,1,145,0,3.4,1,2,2,4,0.0,0.0,0.0,0.0,0.0,1.0,0.0
47,1,2,165,255.0,0,0,185,0,5.9,1,1,1,5,0.0,1.0,0.0,0.0,0.0,0.0,0.0
72,1,2,194,307.0,1,0,157,0,5.7,1,2,1,5,0.0,0.0,0.0,1.0,0.0,0.0,0.0
79,0,1,180,561.0,1,0,175,0,0.0,1,2,1,0,0.0,0.0,0.0,0.0,1.0,0.0,0.0
20,1,3,136,264.0,0,1,162,0,5.0,1,1,1,6,0.0,0.0,0.0,0.0,0.0,1.0,0.0
28,1,3,180,344.6,0,1,112,0,1.0,1,1,2,3,0.0,0.0,0.0,0.0,0.0,1.0,0.0
75,0,1,129,168.0,0,0,116,1,1.9,0,0,0,3,0.0,0.0,0.0,0.0,1.0,0.0,0.0
51,1,2,179,367.0,0,0,131,0,4.4,1,1,1,5,0.0,0.0,0.0,0.0,0.0,0.0,0.0
20,1,1,143,139.0,0,0,94,0,4.4,0,0,1,7,0.0,0.0,0.0,0.0,0.0,1.0,0.0
57,1,2,180,350.4,0,1,183,1,5.4,1,1,2,6,0.0,0.0,0.0,0.0,0.0,0.0,0.0
54,1,2,169,470.0,1,1,129,0,3.2,1,2,2,4,0.0,0.0,0.0,0.0,0.0,0.0,0.0
73,1,1,127,343.0,0,0,118,0,3.2,0,1,0,4,0.0,0.0,0.0,1.0,0.0,0.0,0.0
21,0,1,139,213.0,0,1,71,1,2.3,0,0,1,6,0.0,0.0,0.0,0.0,0.0,0.0,1.0
68,0,3,132,494.0,0,2,198,1,2.6,1,1,2,3,0.0,0.0,0.0,0.0,1.0,0.0,0.0
31,1,1,127,248.0,0,0,128,0,4.3,0,1,0,6,0.0,0.0,0.0,0.0,0.0,1.0,0.0
26,1,2,190,276.0,0,2,162,1,0.5,1,1,3,2,0.0,0.0,0.0,0.0,0.0,1.0,0.0
33,1,1,195,345.0,0,0,194,1,3.9,0,1,1,4,0.0,0.0,0.0,0.0,0.0,1.0,0.0
45,1,3,163,182.0,0,1,175,1,0.1,1,0,2,1,0.0,1.0,0.0,0.0,0.0,0.0,0.0
58,0,2,191,386.0,0,2,162,1,0.6,1,1,3,1,1.0,0.0,0.0,0.0,0.0,0.0,0.0
55,1,3,142,357.0,0,0,165,0,5.0,0,1,1,5,0.0,0.0,0.0,0.0,0.0,0.0,0.0
70,1,1,121,316.0,0,0,143,0,0.4,0,1,0,0,0.0,0.0,0.0,1.0,0.0,0.0,0.0
22,1,3,164,419.0,1,1,156,0,1.3,1,2,2,2,0.0,0.0,0.0,0.0,0.0,1.0,0.0
44,1,4,197,282.0,0,2,202,0,5.2,1,1,3,5,0.0,1.0,0.0,0.0,0.0,0.0,0.0
51,0,2,191,537.0,0,1,124,0,0.4,1,1,2,1,1.0,0.0,0.0,0.0,0.0,0.0,0.0
29,1,1,197,316.0,0,1,162,0,1.6,0,1,2,2,0.0,0.0,0.0,0.0,0.0,1.0,0.0
29,1,3,171,277.0,1,0,161,1,4.8,1,2,1,6,0.0,0.0,0.0,0.0,0.0,1.0,0.0
45,1,3,169,367.0,1,2,177,0,0.6,1,2,3,0,0.0,1.0,0.0,0.0,0.0,0.0,0.0
53,1,3,96,430.0,1,2,155,0,4.6,1,2,2,4,0.0,0.0,0.0,0.0,0.0,0.0,0.0
24,1,3,130,266.0,1,0,157,1,5.2,1,2,0,7,0.0,0.0,0.0,0.0,0.0,1.0,0.0
67,0,3,120,479.0,1,0,101,1,2.7,1,2,0,5,0.0,0.0,0.0,0.0,1.0,0.0,0.0
64,1,1,100,331.0,0,0,77,0,5.4,0,1,0,8,0.0,0.0,0.0,0.0,0.0,0.0,0.0
70,1,3,192,452.0,1,2,120,1,1.8,1,2,3,3,0.0,0.0,0.0,1.0,0.0,0.0,0.0
27,1,2,108,347.0,0,0,74,1,5.9,0,1,0,9,0.0,0.0,0.0,0.0,0.0,1.0,0.0
50,1,2,178,491.0,1,1,153,1,5.5,1,2,2,6,0.0,0.0,0.0,0.0,0.0,0.0,0.0
42,1,1,153,263.0,0,1,81,0,3.2,0,1,2,6,0.0,1.0,0.0,0.0,0.0,0.0,0.0
75,1,2,171,404.0,0,2,105,0,5.0,1,1,3,6,0.0,0.0,0.0,1.0,0.0,0.0,0.0
70,1,3,130,197.0,0,0,173,0,3.7,1,0,0,3,0.0,0.0,0.0,1.0,0.0,0.0,0.0
66,1,3,138,345.0,0,1,199,0,5.5,0,1,1,5,0.0,0.0,0.0,1.0,0.0,0.0,0.0
37,1,1,197,199.0,0,0,135,1,4.3,0,0,1,6,0.0,0.0,0.0,0.0,0.0,1.0,0.0
21,1,1,96,354.0,0,0,162,0,5.2,0,1,0,6,0.0,0.0,0.0,0.0,0.0,1.0,0.0
24,1,3,142,203.0,1,1,119,0,5.3,1,1,2,7,0.0,0.0,0.0,0.0,0.0,1.0,0.0
46,1,2,177,303.0,0,1,138,0,0.4,1,1,2,1,0.0,1.0,0.0,0.0,0.0,0.0,0.0
25,1,1,140,345.0,0,0,122,1,1.9,0,1,0,4,0.0,0.0,0.0,0.0,0.0,1.0,0.0
63,1,2,100,343.0,0,0,152,1,1.7,0,1,0,2,0.0,0.0,0.0,0.0,0.0,0.0,0.0
70,0,2,192,390.0,1,1,99,1,3.2,1,2,2,6,0.0,0.0,0.0,0.0,1.0,0.0,0.0
59,1,3,193,463.0,1,1,139,0,0.3,1,2,2,0,0.0,0.0,0.0,0.0,0.0,0.0,0.0
63,0,1,126,356.0,0,0,75,1,0.3,0,1,0,4,1.0,0.0,0.0,0.0,0.0,0.0,0.0
66,1,1,140,489.0,0,0,151,1,3.1,1,1,0,4,0.0,0.0,0.0,1.0,0.0,0.0,0.0
23,1,1,147,268.0,0,0,152,1,2.3,0,1,1,4,0.0,0.0,0.0,0.0,0.0,1.0,0.0
65,1,1,151,444.0,1,0,143,1,0.0,1,2,1,1,0.0,0.0,0.0,1.0,0.0,0.0,0.0
74,0,3,127,420.0,0,2,113,1,2.7,1,1,2,4,0.0,0.0,0.0,0.0,1.0,0.0,0.0
24,0,1,141,433.0,0,0,183,0,1.9,0,1,1,1,0.0,0.0,0.0,0.0,0.0,0.0,1.0
20,1,1,197,341.0,0,1,122,0,0.1,0,1,2,2,0.0,0.0,0.0,0.0,0.0,1.0,0.0
66,0,1,135,432.0,0,0,121,1,0.0,0,1,0,2,0.0,0.0,0.0,0.0,1.0,0.0,0.0
52,0,3,128,393.6,0,1,97,1,2.6,1,1,1,5,1.0,0.0,0.0,0.0,0.0,0.0,0.0
66,1,3,159,349.0,0,2,156,0,3.1,1,1,3,3,0.0,0.0,0.0,1.0,0.0,0.0,0.0
67,0,2,190,297.0,1,2,133,0,1.6,1,2,3,1,0.0,0.0,0.0,0.0,1.0,0.0,0.0
44,1,1,124,248.0,0,0,183,0,5.1,0,1,0,5,0.0,1.0,0.0,0.0,0.0,0.0,0.0
27,1,2,200,194.0,0,1,118,0,0.5,1,0,2,2,0.0,0.0,0.0,0.0,0.0,1.0,0.0
56,1,2,167,526.0,1,1,123,0,3.4,1,2,2,4,0.0,0.0,0.0,0.0,0.0,0.0,0.0
32,1,1,122,319.0,0,1,140,0,3.9,0,1,1,4,0.0,0.0,0.0,0.0,0.0,1.0,0.0
42,1,3,177,249.0,1,1,187,0,4.8,1,2,2,4,0.0,1.0,0.0,0.0,0.0,0.0,0.0
62,1,1,130,248.0,0,1,108,1,1.1,0,1,1,4,0.0,0.0,0.0,0.0,0.0,0.0,0.0
41,1,2,180,245.0,1,2,169,1,6.0,1,2,3,7,0.0,1.0,0.0,0.0,0.0,0.0,0.0
63,1,1,198,336.0,0,1,95,0,5.4,0,1,2,7,0.0,0.0,0.0,0.0,0.0,0.0,0.0
22,1,2,125,268.0,1,0,198,0,1.6,0,2,0,1,0.0,0.0,0.0,0.0,0.0,1.0,0.0
38,1,3,129,404.0,0,1,169,1,4.1,1,1,1,5,0.0,0.0,0.0,0.0,0.0,1.0,0.0
36,1,2,162,279.0,0,2,144,0,1.1,1,1,3,2,0.0,0.0,0.0,0.0,0.0,1.0,0.0
22,1,2,165,193.0,0,2,157,0,4.4,1,0,3,5,0.0,0.0,0.0,0.0,0.0,1.0,0.0
21,1,2,102,257.0,0,1,139,1,3.1,0,1,1,6,0.0,0.0,0.0,0.0,0.0,1.0,0.0
23,1,3,127,431.0,1,0,131,1,1.0,1,2,0,4,0.0,0.0,0.0,0.0,0.0,1.0,0.0
30,0,1,126,432.0,1,1,176,1,2.1,0,2,1,3,0.0,0.0,0.0,0.0,0.0,0.0,1.0
58,1,3,134,209.0,0,2,133,1,1.6,1,0,2,3,0.0,0.0,0.0,0.0,0.0,0.0,0.0
30,1,1,105,352.0,0,0,72,1,1.0,0,1,0,5,0.0,0.0,0.0,0.0,0.0,1.0,0.0
78,1,2,105,267.0,0,0,164,0,0.3,0,1,0,0,0.0,0.0,0.0,1.0,0.0,0.0,0.0
59,1,3,162,360.0,0,1,177,0,5.3,1,1,2,5,0.0,0.0,0.0,0.0,0.0,0.0,0.0
36,1,1,149,475.0,0,2,145,1,4.2,1,1,3,6,0.0,0.0,0.0,0.0,0.0,1.0,0.0
40,1,1,125,345.0,0,0,124,0,2.9,0,1,0,4,0.0,1.0,0.0,0.0,0.0,0.0,0.0
32,1,3,139,316.0,0,0,108,1,3.5,0,1,0,6,0.0,0.0,0.0,0.0,0.0,1.0,0.0
55,0,1,135,355.0,0,0,158,1,2.1,0,1,0,3,1.0,0.0,0.0,0.0,0.0,0.0,0.0
35,1,1,121,336.0,0,1,191,1,5.7,0,1,1,6,0.0,0.0,0.0,0.0,0.0,1.0,0.0
53,1,1,125,214.0,0,0,161,1,0.2,0,0,0,1,0.0,0.0,0.0,0.0,0.0,0.0,0.0
43,1,3,150,353.0,0,1,149,1,3.2,1,1,2,5,0.0,1.0,0.0,0.0,0.0,0.0,0.0
30,1,1,111,235.0,0,0,134,1,2.3,0,0,0,4,0.0,0.0,0.0,0.0,0.0,1.0,0.0
59,0,2,196,433.0,1,0,164,0,1.9,1,2,1,1,1.0,0.0,0.0,0.0,0.0,0.0,0.0
76,1,3,120,464.0,0,1,116,0,3.2,1,1,1,4,0.0,0.0,0.0,1.0,0.0,0.0,0.0
33,1,1,127,325.0,0,0,129,1,0.3,0,1,0,3,0.0,0.0,0.0,0.0,0.0,1.0,0.0
78,1,4,195,338.0,1,0,108,0,1.4,1,2,1,2,0.0,0.0,0.0,1.0,0.0,0.0,0.0
52,1,3,132,287.0,0,2,136,1,5.1,1,1,2,7,0.0,0.0,0.0,0.0,0.0,0.0,0.0
74,1,3,124,273.4,0,2,159,0,3.3,1,1,2,3,0.0,0.0,0.0,1.0,0.0,0.0,0.0
45,0,1,182,403.0,1,1,182,0,1.3,1,2,2,1,0.0,0.0,1.0,0.0,0.0,0.0,0.0
64,0,3,97,325.0,0,1,186,1,1.8,1,1,1,2,1.0,0.0,0.0,0.0,0.0,0.0,0.0
31,0,2,194,498.0,1,2,106,1,0.2,1,2,3,3,0.0,0.0,0.0,0.0,0.0,0.0,1.0
53,1,2,101,354.0,0,1,131,0,5.1,0,1,1,6,0.0,0.0,0.0,0.0,0.0,0.0,0.0
63,1,3,139,414.0,1,2,202,1,2.4,1,2,2,3,0.0,0.0,0.0,0.0,0.0,0.0,0.0
51,1,3,193,546.0,1,0,153,1,4.4,1,2,1,5,0.0,0.0,0.0,0.0,0.0,0.0,0.0
45,1,3,188,278.0,1,1,145,1,5.3,1,2,2,7,0.0,1.0,0.0,0.0,0.0,0.0,0.0
63,1,2,186,209.0,0,1,146,0,1.3,1,0,2,1,0.0,0.0,0.0,0.0,0.0,0.0,0.0
33,0,1,131,408.0,0,0,163,1,0.6,0,1,0,1,0.0,0.0,0.0,0.0,0.0,0.0,1.0
45,0,2,169,436.0,0,0,78,1,1.0,0,1,1,5,0.0,0.0,1.0,0.0,0.0,0.0,0.0
72,1,1,108,133.0,0,0,133,0,2.8,0,0,0,2,0.0,0.0,0.0,1.0,0.0,0.0,0.0
55,1,1,193,142.0,0,0,78,0,1.6,0,0,1,4,0.0,0.0,0.0,0.0,0.0,0.0,0.0
36,1,2,132,307.0,0,0,175,0,5.3,0,1,0,5,0.0,0.0,0.0,0.0,0.0,1.0,0.0
73,1,1,152,289.8,0,0,168,1,0.1,1,1,1,1,0.0,0.0,0.0,1.0,0.0,0.0,0.0
26,0,3,199,536.0,0,1,162,0,2.9,1,1,2,3,0.0,0.0,0.0,0.0,0.0,0.0,1.0
33,0,1,132,348.0,0,1,181,1,0.4,0,1,1,1,0.0,0.0,0.0,0.0,0.0,0.0,1.0
64,1,2,190,374.4,0,1,128,1,5.4,1,1,2,7,0.0,0.0,0.0,0.0,0.0,0.0,0.0
50,1,3,163,470.0,0,1,131,0,4.3,1,1,2,5,0.0,0.0,0.0,0.0,0.0,0.0,0.0
52,1,1,145,354.0,0,1,192,0,0.4,0,1,2,0,0.0,0.0,0.0,0.0,0.0,0.0,0.0
31,1,1,149,334.0,1,2,119,1,0.4,1,2,3,3,0.0,0.0,0.0,0.0,0.0,1.0,0.0
26,0,3,131,559.0,0,2,131,1,2.6,1,1,2,5,0.0,0.0,0.0,0.0,0.0,0.0,1.0
35,1,3,192,209.0,0,0,126,0,4.9,1,0,1,6,0.0,0.0,0.0,0.0,0.0,1.0,0.0
79,1,2,175,487.0,0,0,145,0,3.3,1,1,1,3,0.0,0.0,0.0,1.0,0.0,0.0,0.0
26,1,2,185,255.0,1,1,105,1,6.0,1,2,2,9,0.0,0.0,0.0,0.0,0.0,1.0,0.0
45,1,1,100,269.0,0,1,73,0,5.3,0,1,1,8,0.0,1.0,0.0,0.0,0.0,0.0,0.0
64,1,1,198,137.0,0,1,71,1,2.5,0,0,2,6,0.0,0.0,0.0,0.0,0.0,0.0,0.0
71,1,3,128,546.0,0,1,117,0,3.9,1,1,1,4,0.0,0.0,0.0,1.0,0.0,0.0,0.0
27,1,1,149,214.8,0,0,194,0,0.6,1,0,1,0,0.0,0.0,0.0,0.0,0.0,1.0,0.0
72,1,3,185,212.0,0,0,126,0,1.3,1,0,1,1,0.0,0.0,0.0,1.0,0.0,0.0,0.0
61,1,1,140,326.4,0,2,121,1,0.2,1,1,2,2,0.0,0.0,0.0,0.0,0.0,0.0,0.0
70,1,2,196,404.0,1,0,130,1,1.2,1,2,1,2,0.0,0.0,0.0,1.0,0.0,0.0,0.0
21,0,3,195,272.0,0,1,129,0,1.7,0,1,2,3,0.0,0.0,0.0,0.0,0.0,0.0,1.0
67,1,1,111,266.0,0,1,109,1,5.3,0,1,1,7,0.0,0.0,0.0,1.0,0.0,0.0,0.0
57,1,1,157,367.0,1,2,157,0,0.4,1,2,3,0,0.0,0.0,0.0,0.0,0.0,0.0,0.0
43,1,2,130,308.0,0,1,106,1,0.1,0,1,1,3,0.0,1.0,0.0,0.0,0.0,0.0,0.0
29,1,1,158,320.2,0,2,120,0,1.4,1,1,3,3,0.0,0.0,0.0,0.0,0.0,1.0,0.0
34,0,3,131,497.0,0,0,162,1,1.7,1,1,0,2,0.0,0.0,0.0,0.0,0.0,0.0,1.0
54,1,3,130,214.0,1,1,179,1,5.8,1,1,1,6,0.0,0.0,0.0,0.0,0.0,0.0,0.0
20,1,1,150,146.0,0,1,165,0,1.2,0,0,2,2,0.0,0.0,0.0,0.0,0.0,1.0,0.0
36,1,3,170,183.0,0,2,145,1,4.3,1,0,3,6,0.0,0.0,0.0,0.0,0.0,1.0,0.0
77,1,3,169,601.0,1,2,199,1,6.2,1,2,3,7,0.0,0.0,0.0,1.0,0.0,0.0,0.0
80,1,3,134,277.0,0,0,154,0,0.7,1,1,0,0,0.0,0.0,0.0,1.0,0.0,0.0,0.0
23,0,2,197,243.0,0,0,144,0,0.1,1,1,1,1,0.0,0.0,0.0,0.0,0.0,0.0,1.0
67,1,2,177,499.0,1,0,153,0,0.8,1,2,1,0,0.0,0.0,0.0,1.0,0.0,0.0,0.0
38,0,2,194,358.0,1,1,175,1,1.9,1,2,2,2,0.0,0.0,0.0,0.0,0.0,0.0,1.0
57,0,1,124,333.0,0,1,200,1,2.3,0,1,1,3,1.0,0.0,0.0,0.0,0.0,0.0,0.0
60,1,2,100,132.0,0,0,165,0,5.3,0,0,0,5,0.0,0.0,0.0,0.0,0.0,0.0,0.0
37,0,3,130,385.0,1,1,190,0,1.9,1,2,1,1,0.0,0.0,0.0,0.0,0.0,0.0,1.0
76,0,3,193,327.0,0,1,143,1,2.4,0,1,2,3,0.0,0.0,0.0,0.0,1.0,0.0,0.0
31,1,1,101,270.0,0,0,133,1,2.2,0,1,0,4,0.0,0.0,0.0,0.0,0.0,1.0,0.0
44,1,1,147,292.0,0,1,126,1,0.9,0,1,2,2,0.0,1.0,0.0,0.0,0.0,0.0,0.0
80,1,2,197,246.0,1,1,158,1,3.5,1,2,2,4,0.0,0.0,0.0,1.0,0.0,0.0,0.0
45,1,2,195,535.0,1,1,175,1,6.0,1,2,2,7,0.0,1.0,0.0,0.0,0.0,0.0,0.0
46,1,1,128,336.0,0,0,191,0,1.6,0,1,0,1,0.0,1.0,0.0,0.0,0.0,0.0,0.0
26,0,3,125,268.0,0,0,152,0,2.4,1,1,0,3,0.0,0.0,0.0,0.0,0.0,0.0,1.0
58,1,3,133,356.0,0,1,103,1,5.6,0,1,1,8,0.0,0.0,0.0,0.0,0.0,0.0,0.0
76,1,1,140,139.0,0,0,144,1,2.0,0,0,0,3,0.0,0.0,0.0,1.0,0.0,0.0,0.0
42,1,2,120,316.0,0,0,188,1,2.9,0,1,0,3,0.0,1.0,0.0,0.0,0.0,0.0,0.0
58,1,1,153,242.2,0,0,201,1,5.8,1,1,1,6,0.0,0.0,0.0,0.0,0.0,0.0,0.0
28,0,1,139,409.0,0,0,124,1,2.6,0,1,0,5,0.0,0.0,0.0,0.0,0.0,0.0,1.0
39,0,1,133,164.0,0,0,132,0,1.2,0,0,0,2,0.0,0.0,0.0,0.0,0.0,0.0,1.0
43,1,2,173,446.0,0,0,177,1,3.8,1,1,1,4,0.0,1.0,0.0,0.0,0.0,0.0,0.0
25,1,4,196,492.0,0,0,117,0,1.9,1,1,1,3,0.0,0.0,0.0,0.0,0.0,1.0,0.0
34,1,2,167,457.0,1,1,179,1,1.7,1,2,2,2,0.0,0.0,0.0,0.0,0.0,1.0,0.0
76,1,3,157,361.0,0,1,141,1,3.9,1,1,2,4,0.0,0.0,0.0,1.0,0.0,0.0,0.0
55,1,1,157,314.0,0,2,173,0,4.2,1,1,3,4,0.0,0.0,0.0,0.0,0.0,0.0,0.0
42,1,1,145,354.0,0,0,191,1,3.2,1,1,1,4,0.0,1.0,0.0,0.0,0.0,0.0,0.0
52,1,1,143,325.0,0,0,192,1,1.1,0,1,1,2,0.0,0.0,0.0,0.0,0.0,0.0,0.0
20,1,1,200,248.0,1,1,154,1,1.9,0,2,2,3,0.0,0.0,0.0,0.0,0.0,1.0,0.0
73,0,1,183,517.0,1,2,99,0,1.4,1,2,3,3,0.0,0.0,0.0,0.0,1.0,0.0,0.0
33,1,3,126,180.0,0,0,181,0,1.3,1,0,0,1,0.0,0.0,0.0,0.0,0.0,1.0,0.0
74,0,1,142,465.0,1,2,86,0,0.6,0,2,3,2,0.0,0.0,0.0,0.0,1.0,0.0,0.0
77,1,1,110,254.0,0,0,186,0,2.0,0,1,0,2,0.0,0.0,0.0,1.0,0.0,0.0,0.0
58,1,3,98,275.0,1,1,201,1,3.9,1,2,1,4,0.0,0.0,0.0,0.0,0.0,0.0,0.0
45,1,1,195,247.0,1,0,192,0,3.2,0,2,1,3,0.0,1.0,0.0,0.0,0.0,0.0,0.0
22,0,3,125,386.0,0,0,174,1,2.9,1,1,0,3,0.0,0.0,0.0,0.0,0.0,0.0,1.0
55,1,1,127,249.0,0,1,85,0,0.2,0,1,1,2,0.0,0.0,0.0,0.0,0.0,0.0,0.0
40,1,3,137,248.0,1,0,187,0,1.5,0,2,0,1,0.0,1.0,0.0,0.0,0.0,0.0,0.0
76,0,1,142,397.0,0,0,128,0,0.6,0,1,1,0,0.0,0.0,0.0,0.0,1.0,0.0,0.0
51,0,4,133,438.0,0,0,98,1,2.9,1,1,0,5,1.0,0.0,0.0,0.0,0.0,0.0,0.0
31,1,3,164,268.0,1,2,169,0,1.4,1,2,3,1,0.0,0.0,0.0,0.0,0.0,1.0,0.0
25,1,1,143,354.0,0,0,138,0,2.1,0,1,1,3,0.0,0.0,0.0,0.0,0.0,1.0,0.0
45,1,1,121,134.0,0,0,73,0,2.8,0,0,0,5,0.0,1.0,0.0,0.0,0.0,0.0,0.0
26,1,3,180,208.0,0,2,142,1,3.1,1,0,3,5,0.0,0.0,0.0,0.0,0.0,1.0,0.0
79,1,1,111,134.0,0,0,85,0,3.8,0,0,0,5,0.0,0.0,0.0,1.0,0.0,0.0,0.0
72,0,1,136,410.0,0,0,170,0,1.0,0,1,0,1,0.0,0.0,0.0,0.0,1.0,0.0,0.0
66,1,3,142,230.0,0,2,156,1,6.2,1,0,3,7,0.0,0.0,0.0,1.0,0.0,0.0,0.0
23,1,1,143,203.0,0,0,172,0,1.5,0,0,1,1,0.0,0.0,0.0,0.0,0.0,1.0,0.0
76,1,3,142,257.0,0,1,135,1,0.7,0,1,2,1,0.0,0.0,0.0,1.0,0.0,0.0,0.0
47,1,3,150,205.0,1,1,143,1,3.5,1,1,2,5,0.0,1.0,0.0,0.0,0.0,0.0,0.0
58,0,1,135,201.0,0,1,190,1,1.8,0,0,1,2,1.0,0.0,0.0,0.0,0.0,0.0,0.0
26,1,1,137,354.0,0,0,72,1,1.0,0,1,0,5,0.0,0.0,0.0,0.0,0.0,1.0,0.0
63,0,2,153,436.0,1,0,166,1,1.2,0,2,1,2,1.0,0.0,0.0,0.0,0.0,0.0,0.0
34,1,3,132,448.0,1,1,154,0,0.8,1,2,1,1,0.0,0.0,0.0,0.0,0.0,1.0,0.0
25,0,1,142,165.0,0,1,186,0,1.0,0,0,2,1,0.0,0.0,0.0,0.0,0.0,0.0,1.0
57,1,1,143,137.0,0,1,167,0,1.8,0,0,2,1,0.0,0.0,0.0,0.0,0.0,0.0,0.0
35,0,3,94,368.0,0,0,196,0,2.4,1,1,0,2,0.0,0.0,0.0,0.0,0.0,0.0,1.0
57,1,1,149,494.0,0,0,141,0,6.1,1,1,1,6,0.0,0.0,0.0,0.0,0.0,0.0,0.0
73,0,2,169,432.0,1,1,170,0,0.0,0,2,2,0,0.0,0.0,0.0,0.0,1.0,0.0,0.0
74,0,2,186,194.0,0,0,94,0,1.8,0,0,1,3,0.0,0.0,0.0,0.0,1.0,0.0,0.0
48,1,1,121,257.0,0,0,149,1,0.0,0,1,0,1,0.0,1.0,0.0,0.0,0.0,0.0,0.0
37,0,4,135,522.0,1,1,184,1,3.2,1,2,1,4,0.0,0.0,0.0,0.0,0.0,0.0,1.0
76,1,1,143,264.0,0,0,131,0,1.3,0,1,1,1,0.0,0.0,0.0,1.0,0.0,0.0,0.0
34,1,1,158,281.2,0,0,172,0,1.4,1,1,1,1,0.0,0.0,0.0,0.0,0.0,1.0,0.0
66,0,3,99,539.0,1,0,189,0,3.2,1,2,0,3,0.0,0.0,0.0,0.0,1.0,0.0,0.0
46,1,1,199,313.0,0,0,184,0,2.9,0,1,1,2,0.0,1.0,0.0,0.0,0.0,0.0,0.0
25,1,2,174,310.6,0,0,175,0,5.4,1,1,1,5,0.0,0.0,0.0,0.0,0.0,1.0,0.0
30,1,1,125,281.0,0,0,187,0,5.6,0,1,0,5,0.0,0.0,0.0,0.0,0.0,1.0,0.0
43,1,2,198,449.4,0,2,120,0,1.5,1,1,3,3,0.0,1.0,0.0,0.0,0.0,0.0,0.0
21,1,1,101,268.0,0,0,144,1,0.8,0,1,0,2,0.0,0.0,0.0,0.0,0.0,1.0,0.0
64,1,2,190,535.0,1,0,169,0,5.6,1,2,1,5,0.0,0.0,0.0,0.0,0.0,0.0,0.0
44,1,1,147,487.0,0,1,179,0,3.1,1,1,2,3,0.0,1.0,0.0,0.0,0.0,0.0,0.0
22,1,1,121,328.0,0,1,106,0,2.5,0,1,1,4,0.0,0.0,0.0,0.0,0.0,1.0,0.0
71,1,1,126,336.0,0,0,142,0,1.2,0,1,0,1,0.0,0.0,0.0,1.0,0.0,0.0,0.0
34,1,4,195,421.0,0,0,142,1,5.3,1,1,1,7,0.0,0.0,0.0,0.0,0.0,1.0,0.0
34,1,1,158,198.0,0,2,149,1,0.5,1,0,3,2,0.0,0.0,0.0,0.0,0.0,1.0,0.0
78,1,2,130,268.0,0,0,176,0,5.6,0,1,0,5,0.0,0.0,0.0,1.0,0.0,0.0,0.0
22,1,1,140,220.0,0,1,180,0,3.1,0,0,1,3,0.0,0.0,0.0,0.0,0.0,1.0,0.0
23,1,2,195,201.0,1,1,187,0,4.6,1,1,2,4,0.0,0.0,0.0,0.0,0.0,1.0,0.0
62,1,3,180,346.0,1,1,175,1,2.4,1,2,2,3,0.0,0.0,0.0,0.0,0.0,0.0,0.0
44,0,3,129,376.0,0,1,130,1,2.6,1,1,1,4,0.0,0.0,1.0,0.0,0.0,0.0,0.0
65,1,1,138,137.0,0,0,89,1,3.9,0,0,0,6,0.0,0.0,0.0,1.0,0.0,0.0,0.0
69,0,4,134,274.0,0,2,110,1,3.2,1,1,2,5,0.0,0.0,0.0,0.0,1.0,0.0,0.0
69,1,4,198,321.2,0,0,131,0,5.1,1,1,1,5,0.0,0.0,0.0,1.0,0.0,0.0,0.0
59,1,3,104,371.0,0,0,193,1,1.2,1,1,0,2,0.0,0.0,0.0,0.0,0.0,0.0,0.0
57,1,1,130,318.0,0,0,139,0,2.3,0,1,0,2,0.0,0.0,0.0,0.0,0.0,0.0,0.0
48,1,3,131,501.0,0,2,152,1,5.7,1,1,2,6,0.0,1.0,0.0,0.0,0.0,0.0,0.0
55,1,1,181,296.0,1,0,125,0,1.0,0,2,1,2,0.0,0.0,0.0,0.0,0.0,0.0,0.0
52,0,3,192,410.0,0,0,136,0,0.3,0,1,1,1,1.0,0.0,0.0,0.0,0.0,0.0,0.0
32,1,3,161,521.0,0,1,118,1,0.9,1,1,2,3,0.0,0.0,0.0,0.0,0.0,1.0,0.0
31,1,1,129,296.0,1,1,136,0,0.3,0,2,1,1,0.0,0.0,0.0,0.0,0.0,1.0,0.0
71,1,3,186,544.0,1,1,150,1,4.3,1,2,2,5,0.0,0.0,0.0,1.0,0.0,0.0,0.0
57,1,1,102,268.0,1,0,140,1,0.0,0,2,0,1,0.0,0.0,0.0,0.0,0.0,0.0,0.0
21,1,1,183,268.0,0,0,178,1,3.7,0,1,1,4,0.0,0.0,0.0,0.0,0.0,1.0,0.0
29,1,3,144,211.0,1,1,181,1,2.8,1,1,2,3,0.0,0.0,0.0,0.0,0.0,1.0,0.0
26,0,2,198,412.0,0,0,193,0,3.2,1,1,1,3,0.0,0.0,0.0,0.0,0.0,0.0,1.0
58,0,4,135,338.0,1,0,116,0,0.8,1,2,0,1,1.0,0.0,0.0,0.0,0.0,0.0,0.0
80,0,2,191,433.0,1,1,154,1,3.2,1,2,2,4,0.0,0.0,0.0,0.0,1.0,0.0,0.0
34,1,4,198,368.0,0,1,192,0,4.1,1,1,2,4,0.0,0.0,0.0,0.0,0.0,1.0,0.0
24,1,3,181,180.0,0,0,106,0,5.1,1,0,1,7,0.0,0.0,0.0,0.0,0.0,1.0,0.0
20,0,2,198,280.0,1,2,183,0,3.2,1,2,3,3,0.0,0.0,0.0,0.0,0.0,0.0,1.0
37,1,3,192,237.0,1,1,107,1,2.0,1,1,2,5,0.0,0.0,0.0,0.0,0.0,1.0,0.0
50,1,1,121,316.0,0,0,191,0,2.9,0,1,0,2,0.0,0.0,0.0,0.0,0.0,0.0,0.0
47,1,1,155,352.0,0,0,199,1,1.1,0,1,1,2,0.0,1.0,0.0,0.0,0.0,0.0,0.0
54,1,2,110,322.0,0,0,80,0,3.6,0,1,0,6,0.0,0.0,0.0,0.0,0.0,0.0,0.0
54,0,2,191,348.2,0,2,186,1,1.5,1,1,3,2,1.0,0.0,0.0,0.0,0.0,0.0,0.0
46,1,2,174,560.0,1,1,186,1,3.1,1,2,2,4,0.0,1.0,0.0,0.0,0.0,0.0,0.0
58,1,1,108,133.0,0,0,171,1,0.8,0,0,0,1,0.0,0.0,0.0,0.0,0.0,0.0,0.0
63,1,1,144,177.0,0,1,166,0,5.7,1,0,2,5,0.0,0.0,0.0,0.0,0.0,0.0,0.0
62,1,1,150,397.0,0,1,134,0,2.7,1,1,2,3,0.0,0.0,0.0,0.0,0.0,0.0,0.0
63,1,3,141,520.0,0,2,152,0,0.5,1,1,3,0,0.0,0.0,0.0,0.0,0.0,0.0,0.0
22,1,3,174,262.0,1,2,135,1,0.8,1,2,3,3,0.0,0.0,0.0,0.0,0.0,1.0,0.0
30,1,1,128,296.0,1,1,98,0,2.3,0,2,1,4,0.0,0.0,0.0,0.0,0.0,1.0,0.0
38,1,3,139,258.0,1,0,72,0,0.7,0,2,0,3,0.0,0.0,0.0,0.0,0.0,1.0,0.0
31,1,2,186,242.0,0,0,168,1,4.8,1,1,1,5,0.0,0.0,0.0,0.0,0.0,1.0,0.0
31,1,1,159,317.6,0,1,146,0,3.7,1,1,2,4,0.0,0.0,0.0,0.0,0.0,1.0,0.0
34,1,1,127,286.0,0,0,186,0,3.2,0,1,0,3,0.0,0.0,0.0,0.0,0.0,1.0,0.0
36,1,3,178,274.0,1,0,106,0,0.6,1,2,1,2,0.0,0.0,0.0,0.0,0.0,1.0,0.0
23,0,2,190,225.0,0,0,72,0,0.2,0,0,1,3,0.0,0.0,0.0,0.0,0.0,0.0,1.0
62,1,3,176,495.0,1,2,155,1,6.0,1,2,3,7,0.0,0.0,0.0,0.0,0.0,0.0,0.0
38,1,1,189,356.0,0,0,91,1,0.6,0,1,1,3,0.0,0.0,0.0,0.0,0.0,1.0,0.0
33,1,3,155,301.0,1,0,138,0,6.0,1,2,1,7,0.0,0.0,0.0,0.0,0.0,1.0,0.0
55,1,2,187,291.0,0,1,184,0,3.1,1,1,2,3,0.0,0.0,0.0,0.0,0.0,0.0,0.0
44,1,1,136,352.0,0,0,200,1,1.6,0,1,0,2,0.0,1.0,0.0,0.0,0.0,0.0,0.0
65,1,3,137,193.0,0,2,197,0,4.0,1,0,2,4,0.0,0.0,0.0,1.0,0.0,0.0,0.0
23,1,1,150,376.0,1,2,162,0,4.3,1,2,3,5,0.0,0.0,0.0,0.0,0.0,1.0,0.0
36,0,1,104,366.0,0,0,109,1,0.6,0,1,0,3,0.0,0.0,0.0,0.0,0.0,0.0,1.0
24,0,1,141,178.0,0,0,168,1,0.2,0,0,1,1,0.0,0.0,0.0,0.0,0.0,0.0,1.0
25,1,2,101,268.0,0,0,73,1,2.6,0,1,0,6,0.0,0.0,0.0,0.0,0.0,1.0,0.0
29,1,1,138,268.0,0,1,112,1,0.3,0,1,1,3,0.0,0.0,0.0,0.0,0.0,1.0,0.0
69,1,3,170,298.0,1,0,201,0,0.5,1,2,1,0,0.0,0.0,0.0,1.0,0.0,0.0,0.0
54,1,1,158,281.0,0,1,80,0,1.1,0,1,2,4,0.0,0.0,0.0,0.0,0.0,0.0,0.0
59,1,3,154,299.0,0,0,155,0,0.6,1,1,1,0,0.0,0.0,0.0,0.0,0.0,0.0,0.0
59,1,3,154,429.0,1,1,157,1,3.4,1,2,2,4,0.0,0.0,0.0,0.0,0.0,0.0,0.0
71,1,2,108,203.0,0,0,176,1,3.1,0,0,0,4,0.0,0.0,0.0,1.0,0.0,0.0,0.0
53,0,4,135,435.0,1,2,124,0,1.3,1,2,2,2,1.0,0.0,0.0,0.0,0.0,0.0,0.0
77,0,3,131,246.0,0,1,99,1,2.9,1,1,1,5,0.0,0.0,0.0,0.0,1.0,0.0,0.0
64,1,1,145,553.0,1,0,180,1,4.2,1,2,1,5,0.0,0.0,0.0,0.0,0.0,0.0,0.0
61,1,3,174,372.0,0,2,149,1,0.8,1,1,3,1,0.0,0.0,0.0,0.0,0.0,0.0,0.0
36,1,1,143,401.0,1,0,138,1,4.6,1,2,1,6,0.0,0.0,0.0,0.0,0.0,1.0,0.0
42,0,3,132,215.8,0,2,176,0,2.4,1,0,2,2,0.0,0.0,1.0,0.0,0.0,0.0,0.0
32,1,3,145,211.0,0,1,125,1,3.1,1,0,2,6,0.0,0.0,0.0,0.0,0.0,1.0,0.0
67,0,2,172,461.0,0,1,134,0,0.8,0,1,2,0,0.0,0.0,0.0,0.0,1.0,0.0,0.0
64,1,1,97,132.0,0,0,185,0,1.1,0,0,0,1,0.0,0.0,0.0,0.0,0.0,0.0,0.0
63,1,3,161,334.0,1,2,148,0,5.7,1,2,3,5,0.0,0.0,0.0,0.0,0.0,0.0,0.0
61,0,3,199,284.0,0,1,98,0,1.3,1,1,2,3,1.0,0.0,0.0,0.0,0.0,0.0,0.0
22,1,1,196,313.0,0,1,106,0,3.0,0,1,2,5,0.0,0.0,0.0,0.0,0.0,1.0,0.0
52,1,3,129,389.0,0,1,142,1,5.5,1,1,1,7,0.0,0.0,0.0,0.0,0.0,0.0,0.0
20,1,2,168,383.0,1,0,128,0,2.3,1,2,1,4,0.0,0.0,0.0,0.0,0.0,1.0,0.0
46,0,4,133,546.0,1,1,150,1,2.4,1,2,1,3,0.0,0.0,1.0,0.0,0.0,0.0,0.0
27,1,2,182,488.0,0,0,111,1,2.6,1,1,1,5,0.0,0.0,0.0,0.0,0.0,1.0,0.0
24,1,3,156,324.0,1,0,189,0,4.8,1,2,1,4,0.0,0.0,0.0,0.0,0.0,1.0,0.0
76,0,2,186,461.0,1,2,138,0,1.8,0,2,3,1,0.0,0.0,0.0,0.0,1.0,0.0,0.0
20,1,2,193,512.0,1,0,156,0,0.5,1,2,1,1,0.0,0.0,0.0,0.0,0.0,1.0,0.0
24,1,1,128,234.0,0,0,89,0,0.3,0,0,0,3,0.0,0.0,0.0,0.0,0.0,1.0,0.0
45,1,3,177,352.0,1,1,147,1,2.7,1,2,2,4,0.0,1.0,0.0,0.0,0.0,0.0,0.0
20,1,1,132,356.0,0,0,127,0,4.3,0,1,0,6,0.0,0.0,0.0,0.0,0.0,1.0,0.0
39,1,3,157,260.0,0,1,179,1,3.4,1,1,2,4,0.0,0.0,0.0,0.0,0.0,1.0,0.0
57,1,1,133,136.0,0,0,118,0,4.7,0,0,0,5,0.0,0.0,0.0,0.0,0.0,0.0,0.0
48,1,1,126,247.0,1,0,137,0,5.6,0,2,0,6,0.0,1.0,0.0,0.0,0.0,0.0,0.0
29,0,4,135,523.0,0,1,104,0,2.6,1,1,1,4,0.0,0.0,0.0,0.0,0.0,0.0,1.0
33,1,2,184,350.0,1,1,108,1,5.2,1,2,2,8,0.0,0.0,0.0,0.0,0.0,1.0,0.0
33,1,1,97,354.0,0,0,160,0,2.1,0,1,0,2,0.0,0.0,0.0,0.0,0.0,1.0,0.0
29,0,2,193,226.0,0,0,147,0,0.8,1,0,1,1,0.0,0.0,0.0,0.0,0.0,0.0,1.0
46,1,2,190,341.0,0,1,172,0,3.8,1,1,2,3,0.0,1.0,0.0,0.0,0.0,0.0,0.0
44,0,1,129,404.0,0,0,187,0,0.1,0,1,0,0,0.0,0.0,1.0,0.0,0.0,0.0,0.0
43,1,2,187,241.0,0,1,192,0,4.4,1,1,2,4,0.0,1.0,0.0,0.0,0.0,0.0,0.0
80,0,2,155,461.0,1,0,163,1,0.8,0,2,1,1,0.0,0.0,0.0,0.0,1.0,0.0,0.0
50,1,1,147,223.0,1,2,174,0,1.3,1,1,3,1,0.0,0.0,0.0,0.0,0.0,0.0,0.0
39,0,1,189,406.0,1,0,185,1,1.8,1,2,1,2,0.0,0.0,0.0,0.0,0.0,0.0,1.0
58,1,1,120,258.0,0,0,184,0,3.0,0,1,0,3,0.0,0.0,0.0,0.0,0.0,0.0,0.0
47,1,3,148,456.0,1,0,144,1,4.3,1,2,1,6,0.0,1.0,0.0,0.0,0.0,0.0,0.0
45,1,4,199,484.0,1,0,108,0,4.5,1,2,1,6,0.0,1.0,0.0,0.0,0.0,0.0,0.0
80,0,3,98,460.0,1,1,139,1,2.6,1,2,1,3,0.0,0.0,0.0,0.0,1.0,0.0,0.0
27,1,1,149,239.0,0,1,194,1,3.5,0,0,2,4,0.0,0.0,0.0,0.0,0.0,1.0,0.0
45,1,3,123,559.0,0,1,154,0,2.8,1,1,1,2,0.0,1.0,0.0,0.0,0.0,0.0,0.0
20,1,1,139,231.0,0,1,108,1,2.6,0,0,1,5,0.0,0.0,0.0,0.0,0.0,1.0,0.0
20,1,1,137,291.0,0,0,131,1,3.8,0,1,0,6,0.0,0.0,0.0,0.0,0.0,1.0,0.0
79,1,2,188,418.0,0,1,192,1,4.9,1,1,2,5,0.0,0.0,0.0,1.0,0.0,0.0,0.0
43,1,1,145,207.0,0,0,186,0,0.6,0,0,1,0,0.0,1.0,0.0,0.0,0.0,0.0,0.0
37,1,1,128,135.0,0,0,72,1,4.1,0,0,0,8,0.0,0.0,0.0,0.0,0.0,1.0,0.0
26,1,3,185,194.0,0,2,147,0,2.0,1,0,3,3,0.0,0.0,0.0,0.0,0.0,1.0,0.0
73,1,3,136,440.0,1,1,142,1,4.6,1,2,1,5,0.0,0.0,0.0,1.0,0.0,0.0,0.0
37,1,3,174,313.0,1,1,156,0,3.5,1,2,2,3,0.0,0.0,0.0,0.0,0.0,1.0,0.0
20,0,2,143,432.0,0,1,113,0,1.8,0,1,2,3,0.0,0.0,0.0,0.0,0.0,0.0,1.0
30,0,3,125,306.0,1,2,145,0,2.9,1,2,2,3,0.0,0.0,0.0,0.0,0.0,0.0,1.0
50,1,3,142,483.0,1,2,140,0,3.2,1,2,3,4,0.0,0.0,0.0,0.0,0.0,0.0,0.0
56,1,1,126,354.0,0,1,200,1,1.3,0,1,1,2,0.0,0.0,0.0,0.0,0.0,0.0,0.0
70,1,2,166,215.0,0,2,117,1,5.5,1,0,3,7,0.0,0.0,0.0,1.0,0.0,0.0,0.0
35,1,1,100,132.0,0,0,110,0,5.7,0,0,0,7,0.0,0.0,0.0,0.0,0.0,1.0,0.0
32,1,2,108,354.0,0,0,196,0,3.1,0,1,0,3,0.0,0.0,0.0,0.0,0.0,1.0,0.0
57,1,1,136,215.0,0,0,166,1,3.9,0,0,0,4,0.0,0.0,0.0,0.0,0.0,0.0,0.0
33,1,1,126,316.0,0,1,156,1,5.7,0,1,1,7,0.0,0.0,0.0,0.0,0.0,1.0,0.0
32,1,1,98,213.0,0,0,80,0,2.8,0,0,0,5,0.0,0.0,0.0,0.0,0.0,1.0,0.0
53,0,3,125,430.0,0,2,96,0,0.5,1,1,2,2,1.0,0.0,0.0,0.0,0.0,0.0,0.0
74,1,3,175,367.0,0,0,145,1,2.4,1,1,1,3,0.0,0.0,0.0,1.0,0.0,0.0,0.0
25,0,1,134,400.0,0,0,122,1,1.5,0,1,0,4,0.0,0.0,0.0,0.0,0.0,0.0,1.0
63,1,1,140,242.0,1,0,187,1,1.9,1,2,0,2,0.0,0.0,0.0,0.0,0.0,0.0,0.0
59,1,1,140,345.0,0,0,81,0,2.4,0,1,0,4,0.0,0.0,0.0,0.0,0.0,0.0,0.0
39,1,2,110,257.0,1,1,177,1,2.6,0,2,1,3,0.0,0.0,0.0,0.0,0.0,1.0,0.0
54,1,1,130,247.0,0,1,199,0,0.9,0,1,1,0,0.0,0.0,0.0,0.0,0.0,0.0,0.0
56,1,3,185,486.0,1,2,145,1,5.0,1,2,3,6,0.0,0.0,0.0,0.0,0.0,0.0,0.0
60,1,2,196,179.0,0,0,190,0,5.4,1,0,1,5,0.0,0.0,0.0,0.0,0.0,0.0,0.0
41,1,3,140,85.0,0,2,160,0,5.2,1,0,2,5,0.0,1.0,0.0,0.0,0.0,0.0,0.0
59,1,3,140,389.0,0,1,168,0,2.9,1,1,1,2,0.0,0.0,0.0,0.0,0.0,0.0,0.0
60,0,3,104,381.0,0,1,147,1,0.3,1,1,1,1,1.0,0.0,0.0,0.0,0.0,0.0,0.0
30,1,3,149,306.0,1,2,129,1,2.6,1,2,3,5,0.0,0.0,0.0,0.0,0.0,1.0,0.0
41,1,3,95,299.0,1,2,201,1,2.8,1,2,2,3,0.0,1.0,0.0,0.0,0.0,0.0,0.0
55,1,3,167,200.0,1,0,169,1,1.0,1,1,1,2,0.0,0.0,0.0,0.0,0.0,0.0,0.0
46,1,3,165,323.0,1,1,145,1,1.9,1,2,2,3,0.0,1.0,0.0,0.0,0.0,0.0,0.0
67,1,1,165,234.0,0,0,168,1,5.6,0,0,1,6,0.0,0.0,0.0,1.0,0.0,0.0,0.0
24,1,3,137,247.0,1,0,92,0,2.0,0,2,0,5,0.0,0.0,0.0,0.0,0.0,1.0,0.0
56,1,3,163,295.0,0,2,175,0,1.9,1,1,3,1,0.0,0.0,0.0,0.0,0.0,0.0,0.0
35,1,2,167,198.0,1,1,139,1,0.2,1,1,2,2,0.0,0.0,0.0,0.0,0.0,1.0,0.0
46,1,1,127,341.0,1,2,128,1,5.3,0,2,2,7,0.0,1.0,0.0,0.0,0.0,0.0,0.0
33,0,1,130,329.0,0,0,200,1,0.2,0,1,0,1,0.0,0.0,0.0,0.0,0.0,0.0,1.0
50,1,3,124,504.0,0,2,123,0,1.5,1,1,2,2,0.0,0.0,0.0,0.0,0.0,0.0,0.0
31,1,1,127,139.0,0,0,128,1,5.7,0,0,0,8,0.0,0.0,0.0,0.0,0.0,1.0,0.0
34,1,1,142,287.0,0,0,135,1,6.0,1,1,1,8,0.0,0.0,0.0,0.0,0.0,1.0,0.0
50,0,3,125,505.0,0,1,104,1,2.7,1,1,1,5,1.0,0.0,0.0,0.0,0.0,0.0,0.0
60,1,3,183,367.0,1,2,156,1,2.9,1,2,3,3,0.0,0.0,0.0,0.0,0.0,0.0,0.0
22,1,2,127,275.0,0,1,73,0,4.3,0,1,1,7,0.0,0.0,0.0,0.0,0.0,1.0,0.0
36,0,2,190,388.0,0,0,118,0,1.9,1,1,1,3,0.0,0.0,0.0,0.0,0.0,0.0,1.0
69,1,1,127,231.0,0,0,184,1,5.3,0,0,0,6,0.0,0.0,0.0,1.0,0.0,0.0,0.0
80,1,1,194,265.0,0,0,191,0,4.7,0,1,1,4,0.0,0.0,0.0,1.0,0.0,0.0,0.0
20,1,3,135,276.0,0,1,126,0,3.7,1,1,1,5,0.0,0.0,0.0,0.0,0.0,1.0,0.0
67,0,1,128,403.0,0,0,182,0,0.0,0,1,0,0,0.0,0.0,0.0,0.0,1.0,0.0,0.0
71,0,1,183,530.0,0,0,110,1,0.5,1,1,1,2,0.0,0.0,0.0,0.0,1.0,0.0,0.0
76,1,1,130,357.0,0,0,83,0,0.5,0,1,0,2,0.0,0.0,0.0,1.0,0.0,0.0,0.0
26,0,1,182,350.0,0,1,195,1,1.8,1,1,2,2,0.0,0.0,0.0,0.0,0.0,0.0,1.0
33,0,3,123,545.0,0,0,127,0,3.2,1,1,0,5,0.0,0.0,0.0,0.0,0.0,0.0,1.0
50,1,2,105,133.0,0,1,129,1,4.9,0,0,1,6,0.0,0.0,0.0,0.0,0.0,0.0,0.0
62,1,1,96,257.0,0,0,108,1,1.1,0,1,0,4,0.0,0.0,0.0,0.0,0.0,0.0,0.0
45,1,1,155,238.0,1,1,134,1,3.1,1,1,2,5,0.0,1.0,0.0,0.0,0.0,0.0,0.0
40,1,1,154,559.0,0,2,168,1,4.5,1,1,3,5,0.0,1.0,0.0,0.0,0.0,0.0,0.0
49,1,2,173,246.0,0,1,187,0,2.3,1,1,2,2,0.0,1.0,0.0,0.0,0.0,0.0,0.0
30,1,1,199,346.0,0,0,177,0,5.7,0,1,1,5,0.0,0.0,0.0,0.0,0.0,1.0,0.0
57,0,1,180,517.0,0,1,191,0,1.9,1,1,2,1,1.0,0.0,0.0,0.0,0.0,0.0,0.0
34,1,1,143,316.0,0,0,99,1,3.6,0,1,1,6,0.0,0.0,0.0,0.0,0.0,1.0,0.0
71,1,3,135,336.0,0,1,134,1,3.8,0,1,1,4,0.0,0.0,0.0,1.0,0.0,0.0,0.0
47,1,3,168,477.0,1,1,178,0,4.8,1,2,2,4,0.0,1.0,0.0,0.0,0.0,0.0,0.0
51,1,3,157,457.0,0,2,154,0,5.3,1,1,3,5,0.0,0.0,0.0,0.0,0.0,0.0,0.0
47,1,1,105,233.0,0,0,195,0,5.7,0,0,0,5,0.0,1.0,0.0,0.0,0.0,0.0,0.0
36,1,1,124,270.0,0,0,111,0,3.5,0,1,0,5,0.0,0.0,0.0,0.0,0.0,1.0,0.0
50,0,2,190,552.0,0,2,107,0,2.7,1,1,3,4,1.0,0.0,0.0,0.0,0.0,0.0,0.0
62,0,1,187,314.0,1,0,139,1,1.9,1,2,1,2,1.0,0.0,0.0,0.0,0.0,0.0,0.0
40,1,2,105,284.0,0,0,164,1,5.4,0,1,0,6,0.0,1.0,0.0,0.0,0.0,0.0,0.0
24,0,4,136,486.0,1,2,99,1,0.7,1,2,2,3,0.0,0.0,0.0,0.0,0.0,0.0,1.0
43,0,2,144,303.0,0,0,111,1,1.8,0,1,1,4,0.0,0.0,1.0,0.0,0.0,0.0,0.0
43,1,4,194,392.0,1,2,138,0,5.9,1,2,3,6,0.0,1.0,0.0,0.0,0.0,0.0,0.0
34,1,1,126,268.0,1,0,148,1,3.9,0,2,0,5,0.0,0.0,0.0,0.0,0.0,1.0,0.0
59,0,1,129,169.0,0,1,129,0,0.4,0,0,1,1,1.0,0.0,0.0,0.0,0.0,0.0,0.0
23,1,3,180,489.0,1,2,185,0,1.8,1,2,3,1,0.0,0.0,0.0,0.0,0.0,1.0,0.0
44,1,3,186,427.0,0,1,166,0,2.8,1,1,2,2,0.0,1.0,0.0,0.0,0.0,0.0,0.0
71,1,3,143,368.0,1,1,141,0,4.7,1,2,2,4,0.0,0.0,0.0,1.0,0.0,0.0,0.0
22,1,3,186,334.0,1,1,167,1,4.1,1,2,2,6,0.0,0.0,0.0,0.0,0.0,1.0,0.0
42,0,1,185,440.0,0,2,120,1,2.4,1,1,3,5,0.0,0.0,1.0,0.0,0.0,0.0,0.0
32,1,3,150,324.0,1,2,191,0,2.4,1,2,3,2,0.0,0.0,0.0,0.0,0.0,1.0,0.0
61,0,2,154,168.0,0,1,128,0,1.2,0,0,2,2,1.0,0.0,0.0,0.0,0.0,0.0,0.0
38,1,3,155,469.0,0,0,148,1,6.2,1,1,1,8,0.0,0.0,0.0,0.0,0.0,1.0,0.0
24,1,1,145,342.0,1,2,202,0,1.2,0,2,3,1,0.0,0.0,0.0,0.0,0.0,1.0,0.0
64,1,1,127,336.0,0,1,115,0,0.0,0,1,1,1,0.0,0.0,0.0,0.0,0.0,0.0,0.0
34,1,1,146,272.0,1,1,169,0,4.2,1,2,2,4,0.0,0.0,0.0,0.0,0.0,1.0,0.0
77,1,1,127,248.0,0,1,171,1,4.4,0,1,1,5,0.0,0.0,0.0,1.0,0.0,0.0,0.0
78,0,1,133,393.0,0,0,160,0,1.9,0,1,0,1,0.0,0.0,0.0,0.0,1.0,0.0,0.0
41,0,3,199,452.0,1,1,183,1,2.4,1,2,2,3,0.0,0.0,1.0,0.0,0.0,0.0,0.0
59,0,1,133,433.0,0,0,140,1,1.7,0,1,0,2,1.0,0.0,0.0,0.0,0.0,0.0,0.0
20,0,2,155,194.0,0,0,189,0,0.4,0,0,1,0,0.0,0.0,0.0,0.0,0.0,0.0,1.0
21,1,3,142,139.0,0,0,200,0,5.5,0,0,1,5,0.0,0.0,0.0,0.0,0.0,1.0,0.0
37,1,2,179,519.0,0,0,186,1,1.8,1,1,1,2,0.0,0.0,0.0,0.0,0.0,1.0,0.0
29,1,2,169,437.0,0,1,149,0,2.1,1,1,2,3,0.0,0.0,0.0,0.0,0.0,1.0,0.0
67,1,2,191,455.0,1,1,171,0,2.6,1,2,2,2,0.0,0.0,0.0,1.0,0.0,0.0,0.0
75,1,1,122,325.0,0,0,128,0,2.1,0,1,0,2,0.0,0.0,0.0,1.0,0.0,0.0,0.0
33,1,1,96,268.0,1,0,111,1,3.6,0,2,0,6,0.0,0.0,0.0,0.0,0.0,1.0,0.0
55,0,4,134,316.0,0,1,118,0,1.3,1,1,1,2,1.0,0.0,0.0,0.0,0.0,0.0,0.0
38,0,1,182,234.0,0,0,98,0,1.7,1,0,1,3,0.0,0.0,0.0,0.0,0.0,0.0,1.0
48,1,2,110,339.0,0,0,101,0,2.2,0,1,0,4,0.0,1.0,0.0,0.0,0.0,0.0,0.0
45,1,3,97,234.0,0,0,184,0,3.8,1,0,0,3,0.0,1.0,0.0,0.0,0.0,0.0,0.0
23,1,1,129,296.0,1,1,115,1,2.5,0,2,1,5,0.0,0.0,0.0,0.0,0.0,1.0,0.0
25,1,1,133,354.0,0,0,127,1,3.7,0,1,0,6,0.0,0.0,0.0,0.0,0.0,1.0,0.0
73,1,3,189,367.0,1,2,139,0,2.9,1,2,3,2,0.0,0.0,0.0,1.0,0.0,0.0,0.0
58,0,1,139,375.0,0,0,142,0,1.4,0,1,0,1,1.0,0.0,0.0,0.0,0.0,0.0,0.0
31,1,1,139,170.0,0,0,141,0,4.1,1,0,0,5,0.0,0.0,0.0,0.0,0.0,1.0,0.0
63,1,3,193,491.0,1,1,115,0,5.3,1,2,2,6,0.0,0.0,0.0,0.0,0.0,0.0,0.0
76,1,1,130,334.0,0,0,98,1,2.3,0,1,0,5,0.0,0.0,0.0,1.0,0.0,0.0,0.0
20,0,2,191,261.0,0,0,133,1,2.4,1,1,1,5,0.0,0.0,0.0,0.0,0.0,0.0,1.0
20,1,1,140,213.8,0,1,149,0,0.9,1,0,1,1,0.0,0.0,0.0,0.0,0.0,1.0,0.0
29,1,1,152,138.0,0,0,199,1,0.0,0,0,1,1,0.0,0.0,0.0,0.0,0.0,1.0,0.0
46,0,3,194,432.0,0,1,111,0,2.4,0,1,2,4,0.0,0.0,1.0,0.0,0.0,0.0,0.0
72,1,1,97,345.0,0,1,104,0,1.1,0,1,1,2,0.0,0.0,0.0,1.0,0.0,0.0,0.0
72,0,2,156,411.0,0,0,186,0,0.1,0,1,1,0,0.0,0.0,0.0,0.0,1.0,0.0,0.0
52,1,3,145,471.0,0,1,146,0,4.3,1,1,2,4,0.0,0.0,0.0,0.0,0.0,0.0,0.0
26,1,1,99,322.0,0,1,114,1,2.8,0,1,1,5,0.0,0.0,0.0,0.0,0.0,1.0,0.0
80,1,3,177,452.0,0,1,157,0,0.4,1,1,2,0,0.0,0.0,0.0,1.0,0.0,0.0,0.0
79,0,2,191,532.0,0,2,149,1,1.8,1,1,3,2,0.0,0.0,0.0,0.0,1.0,0.0,0.0
61,1,2,127,261.0,0,0,136,1,0.5,0,1,0,1,0.0,0.0,0.0,0.0,0.0,0.0,0.0
64,1,1,156,213.0,0,0,156,0,6.1,1,0,1,6,0.0,0.0,0.0,0.0,0.0,0.0,0.0
78,0,1,185,349.8,0,1,169,1,0.6,1,1,2,1,0.0,0.0,0.0,0.0,1.0,0.0,0.0
78,1,1,155,431.0,1,0,137,0,0.9,1,2,1,0,0.0,0.0,0.0,1.0,0.0,0.0,0.0
70,1,1,124,273.0,0,1,148,1,4.9,0,1,1,5,0.0,0.0,0.0,1.0,0.0,0.0,0.0
65,0,1,180,464.0,1,2,137,0,2.4,1,2,3,2,0.0,0.0,0.0,0.0,1.0,0.0,0.0
29,1,1,124,135.0,0,0,93,0,3.1,0,0,0,6,0.0,0.0,0.0,0.0,0.0,1.0,0.0
58,1,2,191,252.0,0,1,113,0,4.1,1,1,2,6,0.0,0.0,0.0,0.0,0.0,0.0,0.0
68,0,1,94,269.0,0,0,110,0,0.0,0,1,0,1,0.0,0.0,0.0,0.0,1.0,0.0,0.0
30,1,1,105,142.0,0,0,110,0,4.1,0,0,0,6,0.0,0.0,0.0,0.0,0.0,1.0,0.0
37,0,3,133,311.0,0,2,97,0,1.6,1,1,2,3,0.0,0.0,0.0,0.0,0.0,0.0,1.0
74,1,1,198,137.0,0,1,104,1,2.7,0,0,2,4,0.0,0.0,0.0,1.0,0.0,0.0,0.0
62,1,3,166,459.0,1,2,195,0,1.3,1,2,3,1,0.0,0.0,0.0,0.0,0.0,0.0,0.0
51,1,1,143,356.0,0,0,80,0,1.0,0,1,1,4,0.0,0.0,0.0,0.0,0.0,0.0,0.0
61,1,1,160,553.0,0,2,112,0,5.8,1,1,3,6,0.0,0.0,0.0,0.0,0.0,0.0,0.0
25,1,3,187,298.0,0,0,175,0,1.8,1,1,1,1,0.0,0.0,0.0,0.0,0.0,1.0,0.0
59,1,2,111,247.0,1,0,71,0,3.5,0,2,0,6,0.0,0.0,0.0,0.0,0.0,0.0,0.0
69,1,3,104,356.0,1,0,138,0,4.1,1,2,0,4,0.0,0.0,0.0,1.0,0.0,0.0,0.0
52,1,3,149,601.0,1,0,156,0,1.8,1,2,1,1,0.0,0.0,0.0,0.0,0.0,0.0,0.0
50,0,3,200,279.0,0,2,122,0,1.0,1,1,3,2,1.0,0.0,0.0,0.0,0.0,0.0,0.0
65,0,3,127,328.0,1,2,184,1,2.6,1,2,2,3,0.0,0.0,0.0,0.0,1.0,0.0,0.0
23,1,2,98,357.0,0,0,117,0,1.4,0,1,0,3,0.0,0.0,0.0,0.0,0.0,1.0,0.0
27,0,1,135,187.0,0,0,172,0,2.4,0,0,0,2,0.0,0.0,0.0,0.0,0.0,0.0,1.0
73,1,1,96,248.0,0,0,71,1,1.7,0,1,0,5,0.0,0.0,0.0,1.0,0.0,0.0,0.0
65,1,1,127,258.0,0,0,158,0,4.1,0,1,0,4,0.0,0.0,0.0,1.0,0.0,0.0,0.0
27,1,3,94,174.0,0,2,186,1,5.7,1,0,2,6,0.0,0.0,0.0,0.0,0.0,1.0,0.0
23,1,2,191,406.0,0,2,185,1,1.8,1,1,3,2,0.0,0.0,0.0,0.0,0.0,1.0,0.0
43,1,1,111,248.0,1,0,93,0,3.2,0,2,0,5,0.0,1.0,0.0,0.0,0.0,0.0,0.0
62,1,2,197,377.0,1,2,145,0,0.9,1,2,3,0,0.0,0.0,0.0,0.0,0.0,0.0,0.0
69,1,2,191,375.0,1,0,165,1,0.0,1,2,1,1,0.0,0.0,0.0,1.0,0.0,0.0,0.0
70,1,2,183,556.0,1,1,154,1,2.7,1,2,2,3,0.0,0.0,0.0,1.0,0.0,0.0,0.0
54,1,1,149,86.0,0,2,141,0,1.9,1,0,3,2,0.0,0.0,0.0,0.0,0.0,0.0,0.0
41,1,1,123,349.0,0,1,107,1,3.4,0,1,1,6,0.0,1.0,0.0,0.0,0.0,0.0,0.0
76,1,3,135,325.0,0,0,120,0,2.3,0,1,0,3,0.0,0.0,0.0,1.0,0.0,0.0,0.0
75,1,1,130,279.0,0,1,201,0,0.0,0,1,1,0,0.0,0.0,0.0,1.0,0.0,0.0,0.0
74,1,1,130,136.0,0,0,181,0,3.8,0,0,0,3,0.0,0.0,0.0,1.0,0.0,0.0,0.0
24,1,1,124,350.0,0,0,181,1,3.9,0,1,0,4,0.0,0.0,0.0,0.0,0.0,1.0,0.0
72,1,1,99,304.0,0,0,142,1,2.1,0,1,0,3,0.0,0.0,0.0,1.0,0.0,0.0,0.0
52,1,2,163,348.0,0,1,178,0,5.0,1,1,2,5,0.0,0.0,0.0,0.0,0.0,0.0,0.0
67,1,1,129,230.0,0,0,162,0,5.1,0,0,0,5,0.0,0.0,0.0,1.0,0.0,0.0,0.0
70,1,2,170,261.0,0,2,167,1,6.1,1,1,3,7,0.0,0.0,0.0,1.0,0.0,0.0,0.0
64,1,2,196,501.0,1,1,168,0,3.4,1,2,2,3,0.0,0.0,0.0,0.0,0.0,0.0,0.0
72,1,3,130,517.0,0,2,122,1,0.2,1,1,2,2,0.0,0.0,0.0,1.0,0.0,0.0,0.0
62,1,1,122,268.0,1,0,121,1,1.5,0,2,0,3,0.0,0.0,0.0,0.0,0.0,0.0,0.0
24,1,2,170,517.0,0,2,187,0,0.6,1,1,3,0,0.0,0.0,0.0,0.0,0.0,1.0,0.0
51,1,3,163,601.0,0,2,168,1,0.8,1,1,3,1,0.0,0.0,0.0,0.0,0.0,0.0,0.0
61,1,1,137,268.0,1,0,96,0,5.4,0,2,0,7,0.0,0.0,0.0,0.0,0.0,0.0,0.0
45,1,3,187,447.0,0,2,105,0,1.8,1,1,3,3,0.0,1.0,0.0,0.0,0.0,0.0,0.0
34,1,1,125,248.0,1,1,101,0,3.5,0,2,1,5,0.0,0.0,0.0,0.0,0.0,1.0,0.0
49,1,1,102,248.0,1,0,85,0,4.4,0,2,0,7,0.0,1.0,0.0,0.0,0.0,0.0,0.0
40,1,2,195,390.0,1,1,149,0,4.3,1,2,2,5,0.0,1.0,0.0,0.0,0.0,0.0,0.0
63,1,4,195,347.0,1,2,107,0,2.4,1,2,3,4,0.0,0.0,0.0,0.0,0.0,0.0,0.0
22,0,4,200,264.0,0,0,75,0,0.3,0,1,1,3,0.0,0.0,0.0,0.0,0.0,0.0,1.0
22,0,1,127,330.0,0,1,193,1,1.4,0,1,1,2,0.0,0.0,0.0,0.0,0.0,0.0,1.0
58,1,2,132,136.0,0,0,181,1,5.4,0,0,0,6,0.0,0.0,0.0,0.0,0.0,0.0,0.0
72,1,3,126,555.0,1,1,186,1,1.6,1,2,1,2,0.0,0.0,0.0,1.0,0.0,0.0,0.0
44,1,1,96,258.0,0,0,128,1,3.3,0,1,0,5,0.0,1.0,0.0,0.0,0.0,0.0,0.0
56,1,1,133,268.0,1,0,79,0,5.3,0,2,0,8,0.0,0.0,0.0,0.0,0.0,0.0,0.0
46,0,2,197,465.0,0,1,99,0,1.5,1,1,2,3,0.0,0.0,1.0,0.0,0.0,0.0,0.0
47,0,1,123,311.0,0,1,139,1,0.6,0,1,1,2,0.0,0.0,1.0,0.0,0.0,0.0,0.0
36,1,1,105,138.0,0,1,138,0,5.5,0,0,1,6,0.0,0.0,0.0,0.0,0.0,1.0,0.0
53,0,2,195,493.0,0,1,131,0,1.7,1,1,2,2,1.0,0.0,0.0,0.0,0.0,0.0,0.0
59,0,3,199,235.0,0,1,124,1,2.7,1,0,2,4,1.0,0.0,0.0,0.0,0.0,0.0,0.0
40,0,3,199,283.0,1,0,99,1,1.8,1,2,1,4,0.0,0.0,1.0,0.0,0.0,0.0,0.0
75,1,4,198,241.0,1,1,136,1,1.0,1,2,2,2,0.0,0.0,0.0,1.0,0.0,0.0,0.0
26,1,2,193,259.0,1,1,159,1,4.3,1,2,2,6,0.0,0.0,0.0,0.0,0.0,1.0,0.0
40,0,1,130,288.0,0,0,86,0,1.2,0,1,0,4,0.0,0.0,1.0,0.0,0.0,0.0,0.0
62,0,1,189,188.0,0,2,135,1,2.6,1,0,3,3,1.0,0.0,0.0,0.0,0.0,0.0,0.0
44,0,1,134,461.0,0,0,135,1,1.5,0,1,0,3,0.0,0.0,1.0,0.0,0.0,0.0,0.0
45,1,3,125,191.0,0,2,169,0,5.7,1,0,2,5,0.0,1.0,0.0,0.0,0.0,0.0,0.0
54,1,3,163,426.0,0,1,142,0,3.3,1,1,2,3,0.0,0.0,0.0,0.0,0.0,0.0,0.0
60,1,1,100,248.0,1,1,93,1,5.2,0,2,1,8,0.0,0.0,0.0,0.0,0.0,0.0,0.0
75,0,2,193,417.0,0,2,184,0,3.2,1,1,3,3,0.0,0.0,0.0,0.0,1.0,0.0,0.0
50,1,3,190,531.0,0,1,186,1,5.7,1,1,2,6,0.0,0.0,0.0,0.0,0.0,0.0,0.0
24,1,1,124,268.0,0,0,75,1,5.2,0,1,0,9,0.0,0.0,0.0,0.0,0.0,1.0,0.0
62,1,2,105,302.0,0,1,150,1,4.8,0,1,1,5,0.0,0.0,0.0,0.0,0.0,0.0,0.0
46,1,1,123,248.0,1,0,96,0,0.0,0,2,0,2,0.0,1.0,0.0,0.0,0.0,0.0,0.0
74,1,3,123,390.0,0,2,129,0,2.5,1,1,2,2,0.0,0.0,0.0,1.0,0.0,0.0,0.0
42,1,1,124,342.0,1,0,127,1,3.7,0,2,0,5,0.0,1.0,0.0,0.0,0.0,0.0,0.0
52,0,3,123,331.0,1,2,181,0,0.9,1,2,2,0,1.0,0.0,0.0,0.0,0.0,0.0,0.0
74,0,3,98,340.0,1,0,99,1,1.9,1,2,0,4,0.0,0.0,0.0,0.0,1.0,0.0,0.0
21,1,3,104,278.0,1,1,174,0,3.4,1,2,1,3,0.0,0.0,0.0,0.0,0.0,1.0,0.0
56,1,1,121,252.0,0,0,185,1,1.9,0,1,0,2,0.0,0.0,0.0,0.0,0.0,0.0,0.0
32,0,4,136,489.0,1,0,168,0,1.9,1,2,0,1,0.0,0.0,0.0,0.0,0.0,0.0,1.0
67,1,3,170,319.0,0,2,111,0,3.6,1,1,3,4,0.0,0.0,0.0,1.0,0.0,0.0,0.0
53,1,3,136,214.0,0,0,81,0,5.4,0,0,0,8,0.0,0.0,0.0,0.0,0.0,0.0,0.0
52,1,3,183,282.0,1,1,135,1,0.8,1,2,2,2,0.0,0.0,0.0,0.0,0.0,0.0,0.0
45,1,1,153,211.6,0,2,176,0,1.0,1,0,3,1,0.0,1.0,0.0,0.0,0.0,0.0,0.0
49,0,3,123,277.0,0,1,148,0,1.4,1,1,1,1,0.0,0.0,1.0,0.0,0.0,0.0,0.0
68,1,2,196,433.0,1,1,145,1,3.7,1,2,2,4,0.0,0.0,0.0,1.0,0.0,0.0,0.0
51,1,3,154,470.0,0,1,124,1,4.9,1,1,2,6,0.0,0.0,0.0,0.0,0.0,0.0,0.0
42,1,1,152,348.0,0,2,125,0,2.5,1,1,3,3,0.0,1.0,0.0,0.0,0.0,0.0,0.0
47,0,2,195,487.0,0,2,193,0,1.5,1,1,3,1,0.0,0.0,1.0,0.0,0.0,0.0,0.0
34,1,1,155,352.0,0,1,76,1,1.0,0,1,2,5,0.0,0.0,0.0,0.0,0.0,1.0,0.0
39,1,2,173,326.0,1,1,187,0,3.7,1,2,2,3,0.0,0.0,0.0,0.0,0.0,1.0,0.0
73,1,3,164,342.0,1,0,132,1,4.9,1,2,1,5,0.0,0.0,0.0,1.0,0.0,0.0,0.0
26,1,3,164,511.0,0,2,186,0,6.1,1,1,3,6,0.0,0.0,0.0,0.0,0.0,1.0,0.0
76,1,2,101,352.0,0,0,127,1,4.4,0,1,0,5,0.0,0.0,0.0,1.0,0.0,0.0,0.0
32,1,1,127,256.0,0,0,121,0,3.3,0,1,0,5,0.0,0.0,0.0,0.0,0.0,1.0,0.0
26,0,1,130,180.0,0,0,202,1,0.8,0,0,0,1,0.0,0.0,0.0,0.0,0.0,0.0,1.0
70,1,1,132,268.0,1,0,103,0,3.3,0,2,0,5,0.0,0.0,0.0,1.0,0.0,0.0,0.0
75,0,1,142,169.0,0,1,124,0,1.9,0,0,2,1,0.0,0.0,0.0,0.0,1.0,0.0,0.0
68,1,2,170,422.0,1,2,113,0,1.4,1,2,3,2,0.0,0.0,0.0,1.0,0.0,0.0,0.0
38,1,2,176,520.0,1,1,202,1,5.1,1,2,2,6,0.0,0.0,0.0,0.0,0.0,1.0,0.0
77,1,3,186,418.0,1,2,155,0,2.5,1,2,3,2,0.0,0.0,0.0,1.0,0.0,0.0,0.0
49,0,1,182,331.0,1,1,180,1,0.3,1,2,2,1,0.0,0.0,1.0,0.0,0.0,0.0,0.0
58,1,1,105,325.0,0,0,122,1,4.4,0,1,0,6,0.0,0.0,0.0,0.0,0.0,0.0,0.0
62,1,3,157,456.0,0,0,149,0,2.9,1,1,1,2,0.0,0.0,0.0,0.0,0.0,0.0,0.0
69,0,2,196,367.0,1,0,114,0,1.6,1,2,1,2,0.0,0.0,0.0,0.0,1.0,0.0,0.0
58,1,3,140,350.6,0,2,199,0,0.9,1,1,2,0,0.0,0.0,0.0,0.0,0.0,0.0,0.0
76,1,3,138,237.0,1,0,174,1,2.9,1,1,0,3,0.0,0.0,0.0,1.0,0.0,0.0,0.0
43,1,1,128,228.0,0,0,199,1,1.2,0,0,0,2,0.0,1.0,0.0,0.0,0.0,0.0,0.0
25,1,3,142,194.0,0,0,142,1,0.5,1,0,1,2,0.0,0.0,0.0,0.0,0.0,1.0,0.0
74,1,1,101,345.0,0,0,127,1,2.1,0,1,0,3,0.0,0.0,0.0,1.0,0.0,0.0,0.0
79,1,2,185,335.6,0,0,138,0,1.6,1,1,1,1,0.0,0.0,0.0,1.0,0.0,0.0,0.0
44,0,4,200,465.0,0,1,100,0,1.9,0,1,2,3,0.0,0.0,1.0,0.0,0.0,0.0,0.0
77,1,1,167,279.0,0,0,130,0,2.9,0,1,1,2,0.0,0.0,0.0,1.0,0.0,0.0,0.0
29,0,1,140,432.0,1,1,180,0,0.8,0,2,1,0,0.0,0.0,0.0,0.0,0.0,0.0,1.0
74,1,2,108,268.0,1,1,91,1,3.8,0,2,1,6,0.0,0.0,0.0,1.0,0.0,0.0,0.0
54,1,3,138,139.0,0,0,176,1,0.2,0,0,0,1,0.0,0.0,0.0,0.0,0.0,0.0,0.0
28,1,3,184,526.0,1,0,190,1,5.6,1,2,1,6,0.0,0.0,0.0,0.0,0.0,1.0,0.0
58,0,1,190,200.0,0,0,98,1,1.8,1,0,1,4,1.0,0.0,0.0,0.0,0.0,0.0,0.0
79,1,3,143,219.0,0,1,90,1,1.3,0,0,2,4,0.0,0.0,0.0,1.0,0.0,0.0,0.0
71,0,1,132,410.0,0,1,120,1,1.7,0,1,1,3,0.0,0.0,0.0,0.0,1.0,0.0,0.0
59,1,3,151,212.0,0,0,198,1,4.1,1,0,1,5,0.0,0.0,0.0,0.0,0.0,0.0,0.0
44,1,1,138,471.0,1,0,142,0,4.5,1,2,0,5,0.0,1.0,0.0,0.0,0.0,0.0,0.0
43,0,2,155,410.0,1,1,116,0,0.2,0,2,2,2,0.0,0.0,1.0,0.0,0.0,0.0,0.0
26,1,1,193,304.0,0,0,160,1,3.6,0,1,1,5,0.0,0.0,0.0,0.0,0.0,1.0,0.0
37,1,1,142,529.0,0,1,119,1,0.2,1,1,2,3,0.0,0.0,0.0,0.0,0.0,1.0,0.0
39,1,3,125,477.0,1,1,190,0,3.5,1,2,1,3,0.0,0.0,0.0,0.0,0.0,1.0,0.0
46,0,3,130,445.0,0,1,160,1,2.9,1,1,1,3,0.0,0.0,1.0,0.0,0.0,0.0,0.0
77,1,1,122,251.0,0,1,76,1,2.5,0,1,1,5,0.0,0.0,0.0,1.0,0.0,0.0,0.0
33,1,4,196,338.0,0,0,105,0,4.1,1,1,1,6,0.0,0.0,0.0,0.0,0.0,1.0,0.0
49,1,2,190,350.6,0,1,157,0,5.1,1,1,2,5,0.0,1.0,0.0,0.0,0.0,0.0,0.0
55,1,3,192,276.0,1,2,188,0,0.0,1,2,3,0,0.0,0.0,0.0,0.0,0.0,0.0,0.0
79,1,3,133,303.0,1,1,122,1,1.8,1,2,1,2,0.0,0.0,0.0,1.0,0.0,0.0,0.0
77,1,1,198,325.0,0,1,111,1,3.6,0,1,2,5,0.0,0.0,0.0,1.0,0.0,0.0,0.0
38,1,2,195,320.0,1,0,175,1,2.1,1,2,1,3,0.0,0.0,0.0,0.0,0.0,1.0,0.0
38,0,2,196,211.0,0,0,189,1,2.9,1,0,1,3,0.0,0.0,0.0,0.0,0.0,0.0,1.0
57,1,1,159,370.0,0,2,107,0,5.3,1,1,3,7,0.0,0.0,0.0,0.0,0.0,0.0,0.0
61,1,4,195,420.0,1,1,149,1,2.2,1,2,2,3,0.0,0.0,0.0,0.0,0.0,0.0,0.0
39,1,3,158,408.0,1,0,183,1,2.0,1,2,1,3,0.0,0.0,0.0,0.0,0.0,1.0,0.0
38,0,4,135,379.0,0,0,159,1,1.0,1,1,0,2,0.0,0.0,0.0,0.0,0.0,0.0,1.0
56,0,1,124,461.0,0,0,166,0,2.3,0,1,0,2,1.0,0.0,0.0,0.0,0.0,0.0,0.0
78,0,2,191,385.0,0,0,127,1,1.2,1,1,1,2,0.0,0.0,0.0,0.0,1.0,0.0,0.0
69,1,3,142,137.0,0,0,112,0,5.4,0,0,1,6,0.0,0.0,0.0,1.0,0.0,0.0,0.0
48,1,3,181,327.0,0,2,135,1,3.6,1,1,3,5,0.0,1.0,0.0,0.0,0.0,0.0,0.0
33,1,3,156,545.0,1,2,105,1,2.3,1,2,3,5,0.0,0.0,0.0,0.0,0.0,1.0,0.0
47,0,1,94,433.0,1,1,180,0,1.4,0,2,1,1,0.0,0.0,1.0,0.0,0.0,0.0,0.0
34,1,3,175,511.0,1,0,190,0,0.3,1,2,1,0,0.0,0.0,0.0,0.0,0.0,1.0,0.0
74,0,2,191,506.0,1,1,180,1,2.4,1,2,2,3,0.0,0.0,0.0,0.0,1.0,0.0,0.0
24,1,1,110,268.0,1,0,192,1,4.3,0,2,0,5,0.0,0.0,0.0,0.0,0.0,1.0,0.0
39,1,2,178,425.8,0,2,139,0,0.4,1,1,3,1,0.0,0.0,0.0,0.0,0.0,1.0,0.0
55,1,3,165,365.0,0,1,169,1,3.6,1,1,2,4,0.0,0.0,0.0,0.0,0.0,0.0,0.0
27,1,2,168,253.0,0,2,176,0,6.2,1,1,3,6,0.0,0.0,0.0,0.0,0.0,1.0,0.0
74,0,1,141,436.0,0,1,145,1,0.4,0,1,2,1,0.0,0.0,0.0,0.0,1.0,0.0,0.0
58,0,1,129,465.0,0,0,135,1,2.6,0,1,0,4,1.0,0.0,0.0,0.0,0.0,0.0,0.0
71,1,1,124,349.0,0,0,165,1,2.7,0,1,0,3,0.0,0.0,0.0,1.0,0.0,0.0,0.0
50,1,3,138,137.0,0,0,191,1,5.8,0,0,0,6,0.0,0.0,0.0,0.0,0.0,0.0,0.0
56,1,1,200,248.0,1,0,174,1,5.0,0,2,1,6,0.0,0.0,0.0,0.0,0.0,0.0,0.0
51,0,3,198,436.0,1,1,78,1,2.3,0,2,2,6,1.0,0.0,0.0,0.0,0.0,0.0,0.0
29,1,2,187,185.0,0,2,186,0,0.3,1,0,3,0,0.0,0.0,0.0,0.0,0.0,1.0,0.0
70,0,1,184,271.0,0,2,99,0,1.7,1,1,3,3,0.0,0.0,0.0,0.0,1.0,0.0,0.0
28,1,2,181,393.0,0,2,169,0,0.7,1,1,3,0,0.0,0.0,0.0,0.0,0.0,1.0,0.0
74,1,1,125,232.0,0,1,110,1,5.5,0,0,1,7,0.0,0.0,0.0,1.0,0.0,0.0,0.0
62,1,1,148,215.0,1,0,105,0,0.6,1,1,1,2,0.0,0.0,0.0,0.0,0.0,0.0,0.0
73,1,1,139,345.0,1,1,141,0,4.9,1,2,1,4,0.0,0.0,0.0,1.0,0.0,0.0,0.0
44,1,2,184,267.0,0,1,168,0,3.6,1,1,2,3,0.0,1.0,0.0,0.0,0.0,0.0,0.0
69,1,2,120,231.0,0,0,77,0,4.4,0,0,0,6,0.0,0.0,0.0,1.0,0.0,0.0,0.0
79,1,3,133,137.0,0,1,185,1,2.5,0,0,1,3,0.0,0.0,0.0,1.0,0.0,0.0,0.0
48,0,2,190,410.0,0,1,142,1,2.6,0,1,2,4,0.0,0.0,1.0,0.0,0.0,0.0,0.0
37,1,2,120,211.0,0,0,115,0,3.5,0,0,0,5,0.0,0.0,0.0,0.0,0.0,1.0,0.0
77,1,4,197,273.0,1,1,156,1,2.4,1,2,2,3,0.0,0.0,0.0,1.0,0.0,0.0,0.0
64,1,1,128,313.0,0,1,139,0,0.7,0,1,1,0,0.0,0.0,0.0,0.0,0.0,0.0,0.0
44,0,1,189,277.0,0,1,99,1,2.9,1,1,2,5,0.0,0.0,1.0,0.0,0.0,0.0,0.0
24,1,2,196,527.0,0,0,187,1,1.8,1,1,1,2,0.0,0.0,0.0,0.0,0.0,1.0,0.0
29,1,3,185,277.0,0,2,174,0,4.2,1,1,3,4,0.0,0.0,0.0,0.0,0.0,1.0,0.0
32,1,4,200,300.0,1,1,188,1,0.5,1,2,2,1,0.0,0.0,0.0,0.0,0.0,1.0,0.0
80,1,3,171,356.0,1,0,175,1,2.4,1,2,1,3,0.0,0.0,0.0,1.0,0.0,0.0,0.0
20,1,1,129,336.0,0,0,103,1,6.2,0,1,0,9,0.0,0.0,0.0,0.0,0.0,1.0,0.0
22,1,1,121,342.0,0,0,135,1,5.5,0,1,0,8,0.0,0.0,0.0,0.0,0.0,1.0,0.0
24,1,1,130,354.0,0,1,129,1,1.6,0,1,1,4,0.0,0.0,0.0,0.0,0.0,1.0,0.0
24,1,2,164,414.0,1,1,126,0,4.5,1,2,2,6,0.0,0.0,0.0,0.0,0.0,1.0,0.0
39,0,4,134,507.0,1,1,162,1,2.9,1,2,1,3,0.0,0.0,0.0,0.0,0.0,0.0,1.0
66,1,3,140,195.0,0,2,132,0,4.6,1,0,2,4,0.0,0.0,0.0,1.0,0.0,0.0,0.0
44,1,1,139,265.0,0,0,200,1,4.1,0,1,0,5,0.0,1.0,0.0,0.0,0.0,0.0,0.0
37,1,2,179,278.0,0,1,135,1,1.1,1,1,2,3,0.0,0.0,0.0,0.0,0.0,1.0,0.0
51,1,3,176,346.0,0,2,160,1,2.0,1,1,3,3,0.0,0.0,0.0,0.0,0.0,0.0,0.0
70,1,3,163,433.0,0,2,157,1,5.0,1,1,3,6,0.0,0.0,0.0,1.0,0.0,0.0,0.0
27,1,3,149,275.0,1,2,188,1,2.8,1,2,3,3,0.0,0.0,0.0,0.0,0.0,1.0,0.0
39,1,3,95,385.0,0,2,184,1,1.5,1,1,2,2,0.0,0.0,0.0,0.0,0.0,1.0,0.0
76,1,1,102,240.0,0,1,170,0,0.9,0,0,1,0,0.0,0.0,0.0,1.0,0.0,0.0,0.0
38,0,1,130,411.0,0,0,148,1,0.0,0,1,0,2,0.0,0.0,0.0,0.0,0.0,0.0,1.0
37,1,1,156,499.0,0,1,117,1,4.2,1,1,2,7,0.0,0.0,0.0,0.0,0.0,1.0,0.0
23,1,3,155,558.0,0,0,139,0,5.3,1,1,1,6,0.0,0.0,0.0,0.0,0.0,1.0,0.0
27,0,1,183,326.0,0,0,181,1,2.9,1,1,1,3,0.0,0.0,0.0,0.0,0.0,0.0,1.0
35,1,2,190,408.0,0,1,138,0,6.2,1,1,2,7,0.0,0.0,0.0,0.0,0.0,1.0,0.0
45,1,1,161,354.0,0,2,114,1,1.4,1,1,3,4,0.0,1.0,0.0,0.0,0.0,0.0,0.0
78,1,1,143,258.0,0,0,110,1,0.2,0,1,1,2,0.0,0.0,0.0,1.0,0.0,0.0,0.0
29,1,3,142,480.0,1,0,146,1,1.8,1,2,1,3,0.0,0.0,0.0,0.0,0.0,1.0,0.0
58,1,2,102,357.0,0,1,76,1,1.8,0,1,1,5,0.0,0.0,0.0,0.0,0.0,0.0,0.0
50,0,1,129,255.0,0,1,85,0,1.7,0,1,1,3,1.0,0.0,0.0,0.0,0.0,0.0,0.0
51,0,3,133,218.0,0,2,171,1,0.8,1,0,2,1,1.0,0.0,0.0,0.0,0.0,0.0,0.0
76,1,1,121,241.0,0,1,192,1,3.9,0,1,1,4,0.0,0.0,0.0,1.0,0.0,0.0,0.0
63,1,4,197,348.0,1,1,164,1,1.8,1,2,2,2,0.0,0.0,0.0,0.0,0.0,0.0,0.0
78,1,2,101,352.0,0,0,85,1,4.4,0,1,0,7,0.0,0.0,0.0,1.0,0.0,0.0,0.0
37,1,1,121,142.0,0,0,115,0,2.9,0,0,0,4,0.0,0.0,0.0,0.0,0.0,1.0,0.0
75,1,1,122,231.0,0,0,176,1,2.5,0,0,0,3,0.0,0.0,0.0,1.0,0.0,0.0,0.0
74,0,1,183,365.0,0,2,99,0,1.5,1,1,3,3,0.0,0.0,0.0,0.0,1.0,0.0,0.0
58,1,3,125,336.0,0,1,139,0,2.2,1,1,1,2,0.0,0.0,0.0,0.0,0.0,0.0,0.0
46,1,3,162,384.0,0,2,135,1,1.3,1,1,3,3,0.0,1.0,0.0,0.0,0.0,0.0,0.0
43,1,3,135,384.0,0,0,182,0,0.8,1,1,0,0,0.0,1.0,0.0,0.0,0.0,0.0,0.0
60,1,3,184,295.0,1,1,168,0,1.0,1,2,2,1,0.0,0.0,0.0,0.0,0.0,0.0,0.0
39,1,1,143,146.0,0,1,170,0,0.4,0,0,2,0,0.0,0.0,0.0,0.0,0.0,1.0,0.0
52,1,2,161,415.0,0,2,138,1,3.9,1,1,3,5,0.0,0.0,0.0,0.0,0.0,0.0,0.0
20,1,2,170,352.0,1,0,138,0,1.4,1,2,1,3,0.0,0.0,0.0,0.0,0.0,1.0,0.0
64,0,1,188,288.0,1,0,119,0,1.2,1,2,1,2,1.0,0.0,0.0,0.0,0.0,0.0,0.0
48,1,3,184,219.0,0,2,192,0,2.7,1,0,3,2,0.0,1.0,0.0,0.0,0.0,0.0,0.0
72,1,1,139,539.0,0,2,182,0,1.7,1,1,2,1,0.0,0.0,0.0,1.0,0.0,0.0,0.0
24,1,3,183,513.0,1,2,155,0,2.1,1,2,3,3,0.0,0.0,0.0,0.0,0.0,1.0,0.0
78,1,2,97,319.0,0,0,117,1,0.7,0,1,0,2,0.0,0.0,0.0,1.0,0.0,0.0,0.0
38,1,2,161,361.0,1,0,156,1,4.4,1,2,1,5,0.0,0.0,0.0,0.0,0.0,1.0,0.0
80,1,2,199,212.0,0,1,113,0,0.6,1,0,2,1,0.0,0.0,0.0,1.0,0.0,0.0,0.0
66,0,2,197,311.8,0,1,196,1,2.6,1,1,2,3,0.0,0.0,0.0,0.0,1.0,0.0,0.0
56,1,2,110,354.0,0,0,186,1,1.3,0,1,0,2,0.0,0.0,0.0,0.0,0.0,0.0,0.0
31,1,1,143,232.0,0,0,198,1,5.4,1,0,1,6,0.0,0.0,0.0,0.0,0.0,1.0,0.0
25,1,1,126,142.0,0,0,156,0,2.9,0,0,0,3,0.0,0.0,0.0,0.0,0.0,1.0,0.0
54,1,3,176,327.4,0,2,176,0,6.1,1,1,3,6,0.0,0.0,0.0,0.0,0.0,0.0,0.0
25,1,3,145,488.0,1,1,148,1,3.6,1,2,2,5,0.0,0.0,0.0,0.0,0.0,1.0,0.0
56,1,2,194,250.0,0,0,133,0,4.1,1,1,1,5,0.0,0.0,0.0,0.0,0.0,0.0,0.0
64,0,1,94,428.0,0,0,159,1,1.5,0,1,0,2,1.0,0.0,0.0,0.0,0.0,0.0,0.0
53,1,2,184,368.0,0,0,170,1,2.2,1,1,1,3,0.0,0.0,0.0,0.0,0.0,0.0,0.0
65,1,1,125,346.0,0,1,93,1,3.9,0,1,1,6,0.0,0.0,0.0,1.0,0.0,0.0,0.0
77,1,1,196,354.0,0,0,99,1,1.1,0,1,1,4,0.0,0.0,0.0,1.0,0.0,0.0,0.0
50,1,1,160,310.0,1,1,165,0,0.3,1,2,2,0,0.0,0.0,0.0,0.0,0.0,0.0,0.0
46,1,3,147,380.0,0,0,159,1,3.2,1,1,1,4,0.0,1.0,0.0,0.0,0.0,0.0,0.0
20,0,1,136,259.0,0,0,93,1,2.3,0,1,0,6,0.0,0.0,0.0,0.0,0.0,0.0,1.0
28,1,1,158,336.0,0,2,122,0,4.6,1,1,3,6,0.0,0.0,0.0,0.0,0.0,1.0,0.0
28,0,2,193,177.0,0,0,97,1,1.4,1,0,1,4,0.0,0.0,0.0,0.0,0.0,0.0,1.0
33,0,1,124,182.0,0,0,130,1,1.8,0,0,0,4,0.0,0.0,0.0,0.0,0.0,0.0,1.0
58,1,1,150,429.0,1,1,168,0,3.4,1,2,2,3,0.0,0.0,0.0,0.0,0.0,0.0,0.0
33,1,3,120,416.0,0,2,153,1,3.4,1,1,2,5,0.0,0.0,0.0,0.0,0.0,1.0,0.0
30,1,3,169,316.0,0,0,109,1,6.1,1,1,1,9,0.0,0.0,0.0,0.0,0.0,1.0,0.0
74,1,1,136,279.0,0,1,122,0,1.2,0,1,1,2,0.0,0.0,0.0,1.0,0.0,0.0,0.0
56,0,1,142,230.0,0,1,188,1,1.4,0,0,2,2,1.0,0.0,0.0,0.0,0.0,0.0,0.0
63,0,2,196,367.0,0,2,96,1,3.2,1,1,3,6,1.0,0.0,0.0,0.0,0.0,0.0,0.0
24,1,1,170,354.0,0,0,90,1,1.5,0,1,1,5,0.0,0.0,0.0,0.0,0.0,1.0,0.0
77,0,1,183,298.0,1,2,142,1,2.4,1,2,3,3,0.0,0.0,0.0,0.0,1.0,0.0,0.0
25,0,2,197,309.4,0,0,195,0,1.0,1,1,1,1,0.0,0.0,0.0,0.0,0.0,0.0,1.0
62,1,2,125,342.0,0,0,128,1,2.1,0,1,0,4,0.0,0.0,0.0,0.0,0.0,0.0,0.0
48,1,3,139,349.0,0,2,183,1,5.6,1,1,2,6,0.0,1.0,0.0,0.0,0.0,0.0,0.0
47,1,4,143,258.0,1,1,98,1,5.7,0,2,2,8,0.0,1.0,0.0,0.0,0.0,0.0,0.0
69,1,1,156,434.0,1,0,196,0,1.4,1,2,1,1,0.0,0.0,0.0,1.0,0.0,0.0,0.0
45,1,2,186,417.0,0,1,117,1,5.9,1,1,2,8,0.0,1.0,0.0,0.0,0.0,0.0,0.0
25,1,1,158,270.0,0,0,143,1,4.7,0,1,1,6,0.0,0.0,0.0,0.0,0.0,1.0,0.0
