age,gender,chestpain,restingBP,serumcholestrol,fastingbloodsugar,restingrelectro,maxheartrate,exerciseangia,oldpeak,target,komorbite,egzersiz_toleransi_skoru,age_gender_Genc_yaslı_kadin,age_gender_Orta_yas_erkek,age_gender_Orta_yas_kadin,age_gender_Orta_yasli_erkek,age_gender_Orta_yasli_kadin,age_gender_Yetiskin_erkek,age_gender_Yetiskin_kadin
63.0,1.0,1.0,145.0,233.0,1,2.0,150.0,0.0,2.3,0,1,2,0.0,0.0,0.0,0.0,0.0,0.0,0.0
67.0,1.0,4.0,160.0,286.0,0,2.0,108.0,1.0,1.5,1,1,3,0.0,0.0,0.0,1.0,0.0,0.0,0.0
67.0,1.0,4.0,120.0,229.0,0,2.0,129.0,1.0,2.6,1,0,4,0.0,0.0,0.0,1.0,0.0,0.0,0.0
37.0,1.0,3.0,130.0,250.0,0,0.0,187.0,0.0,3.5,0,1,3,0.0,1.0,0.0,0.0,0.0,0.0,0.0
41.0,0.0,2.0,130.0,204.0,0,2.0,172.0,0.0,1.4,0,0,1,0.0,0.0,1.0,0.0,0.0,0.0,0.0
56.0,1.0,2.0,120.0,236.0,0,0.0,178.0,0.0,0.8,0,0,0,0.0,0.0,0.0,0.0,0.0,0.0,0.0
62.0,0.0,4.0,140.0,268.0,0,2.0,160.0,0.0,3.6,1,1,3,1.0,0.0,0.0,0.0,0.0,0.0,0.0
57.0,0.0,4.0,120.0,354.0,0,0.0,163.0,1.0,0.6,0,1,1,1.0,0.0,0.0,0.0,0.0,0.0,0.0
63.0,1.0,4.0,130.0,254.0,0,2.0,147.0,0.0,1.4,1,1,1,0.0,0.0,0.0,0.0,0.0,0.0,0.0
53.0,1.0,4.0,140.0,203.0,1,2.0,155.0,1.0,3.1,1,1,4,0.0,0.0,0.0,0.0,0.0,0.0,0.0
57.0,1.0,4.0,140.0,192.0,0,0.0,148.0,0.0,0.4,0,0,0,0.0,0.0,0.0,0.0,0.0,0.0,0.0
56.0,0.0,2.0,140.0,294.0,0,2.0,153.0,0.0,1.3,0,1,1,1.0,0.0,0.0,0.0,0.0,0.0,0.0
56.0,1.0,3.0,130.0,256.0,1,2.0,142.0,1.0,0.6,1,2,1,0.0,0.0,0.0,0.0,0.0,0.0,0.0
44.0,1.0,2.0,120.0,263.0,0,0.0,173.0,0.0,0.0,0,1,0,0.0,1.0,0.0,0.0,0.0,0.0,0.0
52.0,1.0,3.0,172.0,199.0,1,0.0,162.0,0.0,0.5,0,1,0,0.0,0.0,0.0,0.0,0.0,0.0,0.0
57.0,1.0,3.0,150.0,168.0,0,0.0,174.0,0.0,1.6,0,0,1,0.0,0.0,0.0,0.0,0.0,0.0,0.0
48.0,1.0,2.0,110.0,229.0,0,0.0,168.0,0.0,1.0,1,0,1,0.0,1.0,0.0,0.0,0.0,0.0,0.0
54.0,1.0,4.0,140.0,239.0,0,0.0,160.0,0.0,1.2,0,0,1,0.0,0.0,0.0,0.0,0.0,0.0,0.0
48.0,0.0,3.0,130.0,275.0,0,0.0,139.0,0.0,0.2,0,1,1,0.0,0.0,1.0,0.0,0.0,0.0,0.0
49.0,1.0,2.0,130.0,266.0,0,0.0,171.0,0.0,0.6,0,1,0,0.0,1.0,0.0,0.0,0.0,0.0,0.0
64.0,1.0,1.0,110.0,211.0,0,2.0,144.0,1.0,1.8,0,0,2,0.0,0.0,0.0,0.0,0.0,0.0,0.0
58.0,0.0,1.0,150.0,283.0,1,2.0,162.0,0.0,1.0,0,2,1,1.0,0.0,0.0,0.0,0.0,0.0,0.0
58.0,1.0,2.0,120.0,284.0,0,2.0,160.0,0.0,1.8,1,1,1,0.0,0.0,0.0,0.0,0.0,0.0,0.0
58.0,1.0,3.0,132.0,224.0,0,2.0,173.0,0.0,3.2,1,0,3,0.0,0.0,0.0,0.0,0.0,0.0,0.0
60.0,1.0,4.0,130.0,206.0,0,2.0,132.0,1.0,2.4,1,0,4,0.0,0.0,0.0,0.0,0.0,0.0,0.0
50.0,0.0,3.0,120.0,219.0,0,0.0,158.0,0.0,1.6,0,0,1,1.0,0.0,0.0,0.0,0.0,0.0,0.0
58.0,0.0,3.0,120.0,340.0,0,0.0,172.0,0.0,0.0,0,1,0,1.0,0.0,0.0,0.0,0.0,0.0,0.0
66.0,0.0,1.0,150.0,226.0,0,0.0,114.0,0.0,2.6,0,0,3,0.0,0.0,0.0,0.0,1.0,0.0,0.0
43.0,1.0,4.0,150.0,247.0,0,0.0,171.0,0.0,1.5,0,1,1,0.0,1.0,0.0,0.0,0.0,0.0,0.0
40.0,1.0,4.0,110.0,167.0,0,2.0,114.0,1.0,2.0,1,0,5,0.0,1.0,0.0,0.0,0.0,0.0,0.0
69.0,0.0,1.0,140.0,239.0,0,0.0,151.0,0.0,1.8,0,0,1,0.0,0.0,0.0,0.0,1.0,0.0,0.0
60.0,1.0,4.0,117.0,230.0,1,0.0,160.0,1.0,1.4,1,1,2,0.0,0.0,0.0,0.0,0.0,0.0,0.0
64.0,1.0,3.0,140.0,335.0,0,0.0,158.0,0.0,0.0,1,1,0,0.0,0.0,0.0,0.0,0.0,0.0,0.0
59.0,1.0,4.0,135.0,234.0,0,0.0,161.0,0.0,0.5,0,0,0,0.0,0.0,0.0,0.0,0.0,0.0,0.0
44.0,1.0,3.0,130.0,233.0,0,0.0,179.0,1.0,0.4,0,0,1,0.0,1.0,0.0,0.0,0.0,0.0,0.0
42.0,1.0,4.0,140.0,226.0,0,0.0,178.0,0.0,0.0,0,0,0,0.0,1.0,0.0,0.0,0.0,0.0,0.0
43.0,1.0,4.0,120.0,177.0,0,2.0,120.0,1.0,2.5,1,0,5,0.0,1.0,0.0,0.0,0.0,0.0,0.0
57.0,1.0,4.0,150.0,276.0,0,2.0,112.0,1.0,0.6,1,1,3,0.0,0.0,0.0,0.0,0.0,0.0,0.0
55.0,1.0,4.0,132.0,353.0,0,0.0,132.0,1.0,1.2,1,1,3,0.0,0.0,0.0,0.0,0.0,0.0,0.0
61.0,1.0,3.0,150.0,243.0,1,0.0,137.0,1.0,1.0,0,2,2,0.0,0.0,0.0,0.0,0.0,0.0,0.0
65.0,0.0,4.0,150.0,225.0,0,2.0,114.0,0.0,1.0,1,0,2,0.0,0.0,0.0,0.0,1.0,0.0,0.0
40.0,1.0,1.0,140.0,199.0,0,0.0,178.0,1.0,1.4,0,0,2,0.0,1.0,0.0,0.0,0.0,0.0,0.0
71.0,0.0,2.0,160.0,302.0,0,0.0,162.0,0.0,0.4,0,1,0,0.0,0.0,0.0,0.0,1.0,0.0,0.0
59.0,1.0,3.0,150.0,212.0,1,0.0,157.0,0.0,1.6,0,1,1,0.0,0.0,0.0,0.0,0.0,0.0,0.0
61.0,0.0,4.0,130.0,330.0,0,2.0,169.0,0.0,0.0,1,1,0,1.0,0.0,0.0,0.0,0.0,0.0,0.0
58.0,1.0,3.0,112.0,230.0,0,2.0,165.0,0.0,2.5,1,0,2,0.0,0.0,0.0,0.0,0.0,0.0,0.0
51.0,1.0,3.0,110.0,175.0,0,0.0,123.0,0.0,0.6,0,0,1,0.0,0.0,0.0,0.0,0.0,0.0,0.0
50.0,1.0,4.0,150.0,243.0,0,2.0,128.0,0.0,2.6,1,1,3,0.0,0.0,0.0,0.0,0.0,0.0,0.0
65.0,0.0,3.0,140.0,417.0,1,2.0,157.0,0.0,0.8,0,2,0,0.0,0.0,0.0,0.0,1.0,0.0,0.0
53.0,1.0,3.0,130.0,197.0,1,2.0,152.0,0.0,1.2,0,1,1,0.0,0.0,0.0,0.0,0.0,0.0,0.0
41.0,0.0,2.0,105.0,198.0,0,0.0,168.0,0.0,0.0,0,0,0,0.0,0.0,1.0,0.0,0.0,0.0,0.0
65.0,1.0,4.0,120.0,177.0,0,0.0,140.0,0.0,0.4,0,0,0,0.0,0.0,0.0,1.0,0.0,0.0,0.0
44.0,1.0,4.0,112.0,290.0,0,2.0,153.0,0.0,0.0,1,1,0,0.0,1.0,0.0,0.0,0.0,0.0,0.0
44.0,1.0,2.0,130.0,219.0,0,2.0,188.0,0.0,0.0,0,0,0,0.0,1.0,0.0,0.0,0.0,0.0,0.0
60.0,1.0,4.0,130.0,253.0,0,0.0,144.0,1.0,1.4,1,1,2,0.0,0.0,0.0,0.0,0.0,0.0,0.0
54.0,1.0,4.0,124.0,266.0,0,2.0,109.0,1.0,2.2,1,1,5,0.0,0.0,0.0,0.0,0.0,0.0,0.0
50.0,1.0,3.0,140.0,233.0,0,0.0,163.0,0.0,0.6,1,0,0,0.0,0.0,0.0,0.0,0.0,0.0,0.0
41.0,1.0,4.0,110.0,172.0,0,2.0,158.0,0.0,0.0,1,0,0,0.0,1.0,0.0,0.0,0.0,0.0,0.0
54.0,1.0,3.0,125.0,273.0,0,2.0,152.0,0.0,0.5,0,1,0,0.0,0.0,0.0,0.0,0.0,0.0,0.0
51.0,1.0,1.0,125.0,213.0,0,2.0,125.0,1.0,1.4,0,0,3,0.0,0.0,0.0,0.0,0.0,0.0,0.0
51.0,0.0,4.0,130.0,305.0,0,0.0,142.0,1.0,1.2,1,1,3,1.0,0.0,0.0,0.0,0.0,0.0,0.0
46.0,0.0,3.0,142.0,177.0,0,2.0,160.0,1.0,1.4,0,0,2,0.0,0.0,1.0,0.0,0.0,0.0,0.0
58.0,1.0,4.0,128.0,216.0,0,2.0,131.0,1.0,2.2,1,0,4,0.0,0.0,0.0,0.0,0.0,0.0,0.0
54.0,0.0,3.0,135.0,304.0,1,0.0,170.0,0.0,0.0,0,2,0,1.0,0.0,0.0,0.0,0.0,0.0,0.0
54.0,1.0,4.0,120.0,188.0,0,0.0,113.0,0.0,1.4,1,0,3,0.0,0.0,0.0,0.0,0.0,0.0,0.0
60.0,1.0,4.0,145.0,282.0,0,2.0,142.0,1.0,2.8,1,1,3,0.0,0.0,0.0,0.0,0.0,0.0,0.0
60.0,1.0,3.0,140.0,185.0,0,2.0,155.0,0.0,3.0,1,0,3,0.0,0.0,0.0,0.0,0.0,0.0,0.0
54.0,1.0,3.0,150.0,232.0,0,2.0,165.0,0.0,1.6,0,0,1,0.0,0.0,0.0,0.0,0.0,0.0,0.0
59.0,1.0,4.0,170.0,326.0,0,2.0,140.0,1.0,3.4,1,1,4,0.0,0.0,0.0,0.0,0.0,0.0,0.0
46.0,1.0,3.0,150.0,231.0,0,0.0,147.0,0.0,3.6,1,0,4,0.0,1.0,0.0,0.0,0.0,0.0,0.0
65.0,0.0,3.0,155.0,269.0,0,0.0,148.0,0.0,0.8,0,1,0,0.0,0.0,0.0,0.0,1.0,0.0,0.0
67.0,1.0,4.0,125.0,254.0,1,0.0,163.0,0.0,0.2,1,2,0,0.0,0.0,0.0,1.0,0.0,0.0,0.0
62.0,1.0,4.0,120.0,267.0,0,0.0,99.0,1.0,1.8,1,1,4,0.0,0.0,0.0,0.0,0.0,0.0,0.0
65.0,1.0,4.0,110.0,248.0,0,2.0,158.0,0.0,0.6,1,1,0,0.0,0.0,0.0,1.0,0.0,0.0,0.0
44.0,1.0,4.0,110.0,197.0,0,2.0,177.0,0.0,0.0,1,0,0,0.0,1.0,0.0,0.0,0.0,0.0,0.0
65.0,0.0,3.0,160.0,360.0,0,2.0,151.0,0.0,0.8,0,1,0,0.0,0.0,0.0,0.0,1.0,0.0,0.0
60.0,1.0,4.0,125.0,258.0,0,2.0,141.0,1.0,2.8,1,1,3,0.0,0.0,0.0,0.0,0.0,0.0,0.0
51.0,0.0,3.0,140.0,308.0,0,2.0,142.0,0.0,1.5,0,1,2,1.0,0.0,0.0,0.0,0.0,0.0,0.0
48.0,1.0,2.0,130.0,245.0,0,2.0,180.0,0.0,0.2,0,1,0,0.0,1.0,0.0,0.0,0.0,0.0,0.0
58.0,1.0,4.0,150.0,270.0,0,2.0,111.0,1.0,0.8,1,1,3,0.0,0.0,0.0,0.0,0.0,0.0,0.0
45.0,1.0,4.0,104.0,208.0,0,2.0,148.0,1.0,3.0,0,0,5,0.0,1.0,0.0,0.0,0.0,0.0,0.0
53.0,0.0,4.0,130.0,264.0,0,2.0,143.0,0.0,0.4,0,1,0,1.0,0.0,0.0,0.0,0.0,0.0,0.0
39.0,1.0,3.0,140.0,321.0,0,2.0,182.0,0.0,0.0,0,1,0,0.0,1.0,0.0,0.0,0.0,0.0,0.0
68.0,1.0,3.0,180.0,274.0,1,2.0,150.0,1.0,1.6,1,2,2,0.0,0.0,0.0,1.0,0.0,0.0,0.0
52.0,1.0,2.0,120.0,325.0,0,0.0,172.0,0.0,0.2,0,1,0,0.0,0.0,0.0,0.0,0.0,0.0,0.0
44.0,1.0,3.0,140.0,235.0,0,2.0,180.0,0.0,0.0,0,0,0,0.0,1.0,0.0,0.0,0.0,0.0,0.0
47.0,1.0,3.0,138.0,257.0,0,2.0,156.0,0.0,0.0,0,1,0,0.0,1.0,0.0,0.0,0.0,0.0,0.0
53.0,0.0,3.0,128.0,216.0,0,2.0,115.0,0.0,0.0,0,0,2,1.0,0.0,0.0,0.0,0.0,0.0,0.0
53.0,0.0,4.0,138.0,234.0,0,2.0,160.0,0.0,0.0,0,0,0,1.0,0.0,0.0,0.0,0.0,0.0,0.0
51.0,0.0,3.0,130.0,256.0,0,2.0,149.0,0.0,0.5,0,1,0,1.0,0.0,0.0,0.0,0.0,0.0,0.0
66.0,1.0,4.0,120.0,302.0,0,2.0,151.0,0.0,0.4,0,1,0,0.0,0.0,0.0,1.0,0.0,0.0,0.0
62.0,0.0,4.0,160.0,164.0,0,2.0,145.0,0.0,6.2,1,0,6,1.0,0.0,0.0,0.0,0.0,0.0,0.0
62.0,1.0,3.0,130.0,231.0,0,0.0,146.0,0.0,1.8,0,0,1,0.0,0.0,0.0,0.0,0.0,0.0,0.0
44.0,0.0,3.0,108.0,141.0,0,0.0,175.0,0.0,0.6,0,0,0,0.0,0.0,1.0,0.0,0.0,0.0,0.0
63.0,0.0,3.0,135.0,252.0,0,2.0,172.0,0.0,0.0,0,1,0,1.0,0.0,0.0,0.0,0.0,0.0,0.0
52.0,1.0,4.0,128.0,255.0,0,0.0,161.0,1.0,0.0,1,1,1,0.0,0.0,0.0,0.0,0.0,0.0,0.0
59.0,1.0,4.0,110.0,239.0,0,2.0,142.0,1.0,1.2,1,0,2,0.0,0.0,0.0,0.0,0.0,0.0,0.0
60.0,0.0,4.0,150.0,258.0,0,2.0,157.0,0.0,2.6,1,1,2,1.0,0.0,0.0,0.0,0.0,0.0,0.0
52.0,1.0,2.0,134.0,201.0,0,0.0,158.0,0.0,0.8,0,0,0,0.0,0.0,0.0,0.0,0.0,0.0,0.0
48.0,1.0,4.0,122.0,222.0,0,2.0,186.0,0.0,0.0,0,0,0,0.0,1.0,0.0,0.0,0.0,0.0,0.0
45.0,1.0,4.0,115.0,260.0,0,2.0,185.0,0.0,0.0,0,1,0,0.0,1.0,0.0,0.0,0.0,0.0,0.0
34.0,1.0,1.0,118.0,182.0,0,2.0,174.0,0.0,0.0,0,0,0,0.0,0.0,0.0,0.0,0.0,1.0,0.0
57.0,0.0,4.0,128.0,303.0,0,2.0,159.0,0.0,0.0,0,1,0,1.0,0.0,0.0,0.0,0.0,0.0,0.0
71.0,0.0,3.0,110.0,265.0,1,2.0,130.0,0.0,0.0,0,2,0,0.0,0.0,0.0,0.0,1.0,0.0,0.0
49.0,1.0,3.0,120.0,188.0,0,0.0,139.0,0.0,2.0,1,0,3,0.0,1.0,0.0,0.0,0.0,0.0,0.0
54.0,1.0,2.0,108.0,309.0,0,0.0,156.0,0.0,0.0,0,1,0,0.0,0.0,0.0,0.0,0.0,0.0,0.0
59.0,1.0,4.0,140.0,177.0,0,0.0,162.0,1.0,0.0,1,0,1,0.0,0.0,0.0,0.0,0.0,0.0,0.0
57.0,1.0,3.0,128.0,229.0,0,2.0,150.0,0.0,0.4,1,0,0,0.0,0.0,0.0,0.0,0.0,0.0,0.0
61.0,1.0,4.0,120.0,260.0,0,0.0,140.0,1.0,3.6,1,1,4,0.0,0.0,0.0,0.0,0.0,0.0,0.0
39.0,1.0,4.0,118.0,219.0,0,0.0,140.0,0.0,1.2,1,0,2,0.0,1.0,0.0,0.0,0.0,0.0,0.0
61.0,0.0,4.0,145.0,307.0,0,2.0,146.0,1.0,1.0,1,1,2,1.0,0.0,0.0,0.0,0.0,0.0,0.0
56.0,1.0,4.0,125.0,249.0,1,2.0,144.0,1.0,1.2,1,2,2,0.0,0.0,0.0,0.0,0.0,0.0,0.0
52.0,1.0,1.0,118.0,186.0,0,2.0,190.0,0.0,0.0,0,0,0,0.0,0.0,0.0,0.0,0.0,0.0,0.0
43.0,0.0,4.0,132.0,341.0,1,2.0,136.0,1.0,3.0,1,2,5,0.0,0.0,1.0,0.0,0.0,0.0,0.0
62.0,0.0,3.0,130.0,263.0,0,0.0,97.0,0.0,1.2,1,1,3,1.0,0.0,0.0,0.0,0.0,0.0,0.0
41.0,1.0,2.0,135.0,203.0,0,0.0,132.0,0.0,0.0,0,0,1,0.0,1.0,0.0,0.0,0.0,0.0,0.0
58.0,1.0,3.0,140.0,211.0,1,2.0,165.0,0.0,0.0,0,1,0,0.0,0.0,0.0,0.0,0.0,0.0,0.0
35.0,0.0,4.0,138.0,183.0,0,0.0,182.0,0.0,1.4,0,0,1,0.0,0.0,0.0,0.0,0.0,0.0,1.0
63.0,1.0,4.0,130.0,330.0,1,2.0,132.0,1.0,1.8,1,2,3,0.0,0.0,0.0,0.0,0.0,0.0,0.0
65.0,1.0,4.0,135.0,254.0,0,2.0,127.0,0.0,2.8,1,1,3,0.0,0.0,0.0,1.0,0.0,0.0,0.0
48.0,1.0,4.0,130.0,256.0,1,2.0,150.0,1.0,0.0,1,2,1,0.0,1.0,0.0,0.0,0.0,0.0,0.0
63.0,0.0,4.0,150.0,407.0,0,2.0,154.0,0.0,4.0,1,1,4,1.0,0.0,0.0,0.0,0.0,0.0,0.0
51.0,1.0,3.0,100.0,222.0,0,0.0,143.0,1.0,1.2,0,0,3,0.0,0.0,0.0,0.0,0.0,0.0,0.0
55.0,1.0,4.0,140.0,217.0,0,0.0,111.0,1.0,5.6,1,0,8,0.0,0.0,0.0,0.0,0.0,0.0,0.0
65.0,1.0,1.0,138.0,282.0,1,2.0,174.0,0.0,1.4,1,2,1,0.0,0.0,0.0,1.0,0.0,0.0,0.0
45.0,0.0,2.0,130.0,234.0,0,2.0,175.0,0.0,0.6,0,0,0,0.0,0.0,1.0,0.0,0.0,0.0,0.0
56.0,0.0,4.0,200.0,288.0,1,2.0,133.0,1.0,4.0,1,2,6,1.0,0.0,0.0,0.0,0.0,0.0,0.0
54.0,1.0,4.0,110.0,239.0,0,0.0,126.0,1.0,2.8,1,0,4,0.0,0.0,0.0,0.0,0.0,0.0,0.0
44.0,1.0,2.0,120.0,220.0,0,0.0,170.0,0.0,0.0,0,0,0,0.0,1.0,0.0,0.0,0.0,0.0,0.0
62.0,0.0,4.0,124.0,209.0,0,0.0,163.0,0.0,0.0,0,0,0,1.0,0.0,0.0,0.0,0.0,0.0,0.0
54.0,1.0,3.0,120.0,258.0,0,2.0,147.0,0.0,0.4,0,1,0,0.0,0.0,0.0,0.0,0.0,0.0,0.0
51.0,1.0,3.0,94.0,227.0,0,0.0,154.0,1.0,0.0,0,0,1,0.0,0.0,0.0,0.0,0.0,0.0,0.0
29.0,1.0,2.0,130.0,204.0,0,2.0,202.0,0.0,0.0,0,0,0,0.0,0.0,0.0,0.0,0.0,1.0,0.0
51.0,1.0,4.0,140.0,261.0,0,2.0,186.0,1.0,0.0,0,1,1,0.0,0.0,0.0,0.0,0.0,0.0,0.0
43.0,0.0,3.0,122.0,213.0,0,0.0,165.0,0.0,0.2,0,0,0,0.0,0.0,1.0,0.0,0.0,0.0,0.0
55.0,0.0,2.0,135.0,250.0,0,2.0,161.0,0.0,1.4,0,1,1,1.0,0.0,0.0,0.0,0.0,0.0,0.0
70.0,1.0,4.0,145.0,174.0,0,0.0,125.0,1.0,2.6,1,0,4,0.0,0.0,0.0,1.0,0.0,0.0,0.0
62.0,1.0,2.0,120.0,281.0,0,2.0,103.0,0.0,1.4,1,1,3,0.0,0.0,0.0,0.0,0.0,0.0,0.0
35.0,1.0,4.0,120.0,198.0,0,0.0,130.0,1.0,1.6,1,0,3,0.0,0.0,0.0,0.0,0.0,1.0,0.0
51.0,1.0,3.0,125.0,245.0,1,2.0,166.0,0.0,2.4,0,2,2,0.0,0.0,0.0,0.0,0.0,0.0,0.0
59.0,1.0,2.0,140.0,221.0,0,0.0,164.0,1.0,0.0,0,0,1,0.0,0.0,0.0,0.0,0.0,0.0,0.0
59.0,1.0,1.0,170.0,288.0,0,2.0,159.0,0.0,0.2,1,1,0,0.0,0.0,0.0,0.0,0.0,0.0,0.0
52.0,1.0,2.0,128.0,205.0,1,0.0,184.0,0.0,0.0,0,1,0,0.0,0.0,0.0,0.0,0.0,0.0,0.0
64.0,1.0,3.0,125.0,309.0,0,0.0,131.0,1.0,1.8,1,1,3,0.0,0.0,0.0,0.0,0.0,0.0,0.0
58.0,1.0,3.0,105.0,240.0,0,2.0,154.0,1.0,0.6,0,0,1,0.0,0.0,0.0,0.0,0.0,0.0,0.0
47.0,1.0,3.0,108.0,243.0,0,0.0,152.0,0.0,0.0,1,1,0,0.0,1.0,0.0,0.0,0.0,0.0,0.0
57.0,1.0,4.0,165.0,289.0,1,2.0,124.0,0.0,1.0,1,2,2,0.0,0.0,0.0,0.0,0.0,0.0,0.0
41.0,1.0,3.0,112.0,250.0,0,0.0,179.0,0.0,0.0,0,1,0,0.0,1.0,0.0,0.0,0.0,0.0,0.0
45.0,1.0,2.0,128.0,308.0,0,2.0,170.0,0.0,0.0,0,1,0,0.0,1.0,0.0,0.0,0.0,0.0,0.0
60.0,0.0,3.0,102.0,318.0,0,0.0,160.0,0.0,0.0,0,1,0,1.0,0.0,0.0,0.0,0.0,0.0,0.0
52.0,1.0,1.0,152.0,298.0,1,0.0,178.0,0.0,1.2,0,2,1,0.0,0.0,0.0,0.0,0.0,0.0,0.0
42.0,0.0,4.0,102.0,265.0,0,2.0,122.0,0.0,0.6,0,1,2,0.0,0.0,1.0,0.0,0.0,0.0,0.0
67.0,0.0,3.0,115.0,564.0,0,2.0,160.0,0.0,1.6,0,1,1,0.0,0.0,0.0,0.0,1.0,0.0,0.0
55.0,1.0,4.0,160.0,289.0,0,2.0,145.0,1.0,0.8,1,1,1,0.0,0.0,0.0,0.0,0.0,0.0,0.0
64.0,1.0,4.0,120.0,246.0,0,2.0,96.0,1.0,2.2,1,1,5,0.0,0.0,0.0,0.0,0.0,0.0,0.0
70.0,1.0,4.0,130.0,322.0,0,2.0,109.0,0.0,2.4,1,1,3,0.0,0.0,0.0,1.0,0.0,0.0,0.0
51.0,1.0,4.0,140.0,299.0,0,0.0,173.0,1.0,1.6,1,1,2,0.0,0.0,0.0,0.0,0.0,0.0,0.0
58.0,1.0,4.0,125.0,300.0,0,2.0,171.0,0.0,0.0,1,1,0,0.0,0.0,0.0,0.0,0.0,0.0,0.0
60.0,1.0,4.0,140.0,293.0,0,2.0,170.0,0.0,1.2,1,1,1,0.0,0.0,0.0,0.0,0.0,0.0,0.0
68.0,1.0,3.0,118.0,277.0,0,0.0,151.0,0.0,1.0,0,1,1,0.0,0.0,0.0,1.0,0.0,0.0,0.0
46.0,1.0,2.0,101.0,197.0,1,0.0,156.0,0.0,0.0,0,1,0,0.0,1.0,0.0,0.0,0.0,0.0,0.0
77.0,1.0,4.0,125.0,304.0,0,2.0,162.0,1.0,0.0,1,1,1,0.0,0.0,0.0,1.0,0.0,0.0,0.0
54.0,0.0,3.0,110.0,214.0,0,0.0,158.0,0.0,1.6,0,0,1,1.0,0.0,0.0,0.0,0.0,0.0,0.0
58.0,0.0,4.0,100.0,248.0,0,2.0,122.0,0.0,1.0,0,1,2,1.0,0.0,0.0,0.0,0.0,0.0,0.0
48.0,1.0,3.0,124.0,255.0,1,0.0,175.0,0.0,0.0,0,2,0,0.0,1.0,0.0,0.0,0.0,0.0,0.0
57.0,1.0,4.0,132.0,207.0,0,0.0,168.0,1.0,0.0,0,0,1,0.0,0.0,0.0,0.0,0.0,0.0,0.0
52.0,1.0,3.0,138.0,223.0,0,0.0,169.0,0.0,0.0,0,0,0,0.0,0.0,0.0,0.0,0.0,0.0,0.0
54.0,0.0,2.0,132.0,288.0,1,2.0,159.0,1.0,0.0,0,2,1,1.0,0.0,0.0,0.0,0.0,0.0,0.0
35.0,1.0,4.0,126.0,282.0,0,2.0,156.0,1.0,0.0,1,1,2,0.0,0.0,0.0,0.0,0.0,1.0,0.0
45.0,0.0,2.0,112.0,160.0,0,0.0,138.0,0.0,0.0,0,0,1,0.0,0.0,1.0,0.0,0.0,0.0,0.0
70.0,1.0,3.0,160.0,269.0,0,0.0,112.0,1.0,2.9,1,1,4,0.0,0.0,0.0,1.0,0.0,0.0,0.0
53.0,1.0,4.0,142.0,226.0,0,2.0,111.0,1.0,0.0,0,0,3,0.0,0.0,0.0,0.0,0.0,0.0,0.0
59.0,0.0,4.0,174.0,249.0,0,0.0,143.0,1.0,0.0,1,1,1,1.0,0.0,0.0,0.0,0.0,0.0,0.0
62.0,0.0,4.0,140.0,394.0,0,2.0,157.0,0.0,1.2,0,1,1,1.0,0.0,0.0,0.0,0.0,0.0,0.0
64.0,1.0,4.0,145.0,212.0,0,2.0,132.0,0.0,2.0,1,0,3,0.0,0.0,0.0,0.0,0.0,0.0,0.0
57.0,1.0,4.0,152.0,274.0,0,0.0,88.0,1.0,1.2,1,1,4,0.0,0.0,0.0,0.0,0.0,0.0,0.0
52.0,1.0,4.0,108.0,233.0,1,0.0,147.0,0.0,0.1,0,1,0,0.0,0.0,0.0,0.0,0.0,0.0,0.0
56.0,1.0,4.0,132.0,184.0,0,2.0,105.0,1.0,2.1,1,0,5,0.0,0.0,0.0,0.0,0.0,0.0,0.0
43.0,1.0,3.0,130.0,315.0,0,0.0,162.0,0.0,1.9,0,1,1,0.0,1.0,0.0,0.0,0.0,0.0,0.0
53.0,1.0,3.0,130.0,246.0,1,2.0,173.0,0.0,0.0,0,2,0,0.0,0.0,0.0,0.0,0.0,0.0,0.0
48.0,1.0,4.0,124.0,274.0,0,2.0,166.0,0.0,0.5,1,1,0,0.0,1.0,0.0,0.0,0.0,0.0,0.0
56.0,0.0,4.0,134.0,409.0,0,2.0,150.0,1.0,1.9,1,1,2,1.0,0.0,0.0,0.0,0.0,0.0,0.0
42.0,1.0,1.0,148.0,244.0,0,2.0,178.0,0.0,0.8,0,1,0,0.0,1.0,0.0,0.0,0.0,0.0,0.0
59.0,1.0,1.0,178.0,270.0,0,2.0,145.0,0.0,4.2,0,1,4,0.0,0.0,0.0,0.0,0.0,0.0,0.0
60.0,0.0,4.0,158.0,305.0,0,2.0,161.0,0.0,0.0,1,1,0,1.0,0.0,0.0,0.0,0.0,0.0,0.0
63.0,0.0,2.0,140.0,195.0,0,0.0,179.0,0.0,0.0,0,0,0,1.0,0.0,0.0,0.0,0.0,0.0,0.0
42.0,1.0,3.0,120.0,240.0,1,0.0,194.0,0.0,0.8,0,1,0,0.0,1.0,0.0,0.0,0.0,0.0,0.0
66.0,1.0,2.0,160.0,246.0,0,0.0,120.0,1.0,0.0,1,1,2,0.0,0.0,0.0,1.0,0.0,0.0,0.0
54.0,1.0,2.0,192.0,283.0,0,2.0,195.0,0.0,0.0,1,1,0,0.0,0.0,0.0,0.0,0.0,0.0,0.0
69.0,1.0,3.0,140.0,254.0,0,2.0,146.0,0.0,2.0,1,1,2,0.0,0.0,0.0,1.0,0.0,0.0,0.0
50.0,1.0,3.0,129.0,196.0,0,0.0,163.0,0.0,0.0,0,0,0,0.0,0.0,0.0,0.0,0.0,0.0,0.0
51.0,1.0,4.0,140.0,298.0,0,0.0,122.0,1.0,4.2,1,1,6,0.0,0.0,0.0,0.0,0.0,0.0,0.0
43.0,1.0,4.0,132.0,247.0,1,2.0,143.0,1.0,0.1,1,2,2,0.0,1.0,0.0,0.0,0.0,0.0,0.0
62.0,0.0,4.0,138.0,294.0,1,0.0,106.0,0.0,1.9,1,2,3,1.0,0.0,0.0,0.0,0.0,0.0,0.0
68.0,0.0,3.0,120.0,211.0,0,2.0,115.0,0.0,1.5,0,0,2,0.0,0.0,0.0,0.0,1.0,0.0,0.0
67.0,1.0,4.0,100.0,299.0,0,2.0,125.0,1.0,0.9,1,1,2,0.0,0.0,0.0,1.0,0.0,0.0,0.0
69.0,1.0,1.0,160.0,234.0,1,2.0,131.0,0.0,0.1,0,1,0,0.0,0.0,0.0,1.0,0.0,0.0,0.0
45.0,0.0,4.0,138.0,236.0,0,2.0,152.0,1.0,0.2,0,0,1,0.0,0.0,1.0,0.0,0.0,0.0,0.0
50.0,0.0,2.0,120.0,244.0,0,0.0,162.0,0.0,1.1,0,1,1,1.0,0.0,0.0,0.0,0.0,0.0,0.0
59.0,1.0,1.0,160.0,273.0,0,2.0,125.0,0.0,0.0,1,1,1,0.0,0.0,0.0,0.0,0.0,0.0,0.0
50.0,0.0,4.0,110.0,254.0,0,2.0,159.0,0.0,0.0,0,1,0,1.0,0.0,0.0,0.0,0.0,0.0,0.0
64.0,0.0,4.0,180.0,325.0,0,0.0,154.0,1.0,0.0,0,1,1,1.0,0.0,0.0,0.0,0.0,0.0,0.0
57.0,1.0,3.0,150.0,126.0,1,0.0,173.0,0.0,0.2,0,1,0,0.0,0.0,0.0,0.0,0.0,0.0,0.0
64.0,0.0,3.0,140.0,313.0,0,0.0,133.0,0.0,0.2,0,1,0,1.0,0.0,0.0,0.0,0.0,0.0,0.0
43.0,1.0,4.0,110.0,211.0,0,0.0,161.0,0.0,0.0,0,0,0,0.0,1.0,0.0,0.0,0.0,0.0,0.0
45.0,1.0,4.0,142.0,309.0,0,2.0,147.0,1.0,0.0,1,1,2,0.0,1.0,0.0,0.0,0.0,0.0,0.0
58.0,1.0,4.0,128.0,259.0,0,2.0,130.0,1.0,3.0,1,1,5,0.0,0.0,0.0,0.0,0.0,0.0,0.0
50.0,1.0,4.0,144.0,200.0,0,2.0,126.0,1.0,0.9,1,0,2,0.0,0.0,0.0,0.0,0.0,0.0,0.0
55.0,1.0,2.0,130.0,262.0,0,0.0,155.0,0.0,0.0,0,1,0,0.0,0.0,0.0,0.0,0.0,0.0,0.0
62.0,0.0,4.0,150.0,244.0,0,0.0,154.0,1.0,1.4,1,1,2,1.0,0.0,0.0,0.0,0.0,0.0,0.0
37.0,0.0,3.0,120.0,215.0,0,0.0,170.0,0.0,0.0,0,0,0,0.0,0.0,1.0,0.0,0.0,0.0,0.0
38.0,1.0,1.0,120.0,231.0,0,0.0,182.0,1.0,3.8,1,0,4,0.0,1.0,0.0,0.0,0.0,0.0,0.0
41.0,1.0,3.0,130.0,214.0,0,2.0,168.0,0.0,2.0,0,0,2,0.0,1.0,0.0,0.0,0.0,0.0,0.0
66.0,0.0,4.0,178.0,228.0,1,0.0,165.0,1.0,1.0,1,1,2,0.0,0.0,0.0,0.0,1.0,0.0,0.0
52.0,1.0,4.0,112.0,230.0,0,0.0,160.0,0.0,0.0,1,0,0,0.0,0.0,0.0,0.0,0.0,0.0,0.0
56.0,1.0,1.0,120.0,193.0,0,2.0,162.0,0.0,1.9,0,0,1,0.0,0.0,0.0,0.0,0.0,0.0,0.0
46.0,0.0,2.0,105.0,204.0,0,0.0,172.0,0.0,0.0,0,0,0,0.0,0.0,1.0,0.0,0.0,0.0,0.0
46.0,0.0,4.0,138.0,243.0,0,2.0,152.0,1.0,0.0,0,1,1,0.0,0.0,1.0,0.0,0.0,0.0,0.0
64.0,0.0,4.0,130.0,303.0,0,0.0,122.0,0.0,2.0,0,1,3,1.0,0.0,0.0,0.0,0.0,0.0,0.0
59.0,1.0,4.0,138.0,271.0,0,2.0,182.0,0.0,0.0,0,1,0,0.0,0.0,0.0,0.0,0.0,0.0,0.0
41.0,0.0,3.0,112.0,268.0,0,2.0,172.0,1.0,0.0,0,1,1,0.0,0.0,1.0,0.0,0.0,0.0,0.0
54.0,0.0,3.0,108.0,267.0,0,2.0,167.0,0.0,0.0,0,1,0,1.0,0.0,0.0,0.0,0.0,0.0,0.0
39.0,0.0,3.0,94.0,199.0,0,0.0,179.0,0.0,0.0,0,0,0,0.0,0.0,1.0,0.0,0.0,0.0,0.0
53.0,1.0,4.0,123.0,282.0,0,0.0,95.0,1.0,2.0,1,1,5,0.0,0.0,0.0,0.0,0.0,0.0,0.0
63.0,0.0,4.0,108.0,269.0,0,0.0,169.0,1.0,1.8,1,1,2,1.0,0.0,0.0,0.0,0.0,0.0,0.0
34.0,0.0,2.0,118.0,210.0,0,0.0,192.0,0.0,0.7,0,0,0,0.0,0.0,0.0,0.0,0.0,0.0,1.0
47.0,1.0,4.0,112.0,204.0,0,0.0,143.0,0.0,0.1,0,0,1,0.0,1.0,0.0,0.0,0.0,0.0,0.0
67.0,0.0,3.0,152.0,277.0,0,0.0,172.0,0.0,0.0,0,1,0,0.0,0.0,0.0,0.0,1.0,0.0,0.0
54.0,1.0,4.0,110.0,206.0,0,2.0,108.0,1.0,0.0,1,0,3,0.0,0.0,0.0,0.0,0.0,0.0,0.0
66.0,1.0,4.0,112.0,212.0,0,2.0,132.0,1.0,0.1,1,0,1,0.0,0.0,0.0,1.0,0.0,0.0,0.0
52.0,0.0,3.0,136.0,196.0,0,2.0,169.0,0.0,0.1,0,0,0,1.0,0.0,0.0,0.0,0.0,0.0,0.0
55.0,0.0,4.0,180.0,327.0,0,1.0,117.0,1.0,3.4,1,1,5,1.0,0.0,0.0,0.0,0.0,0.0,0.0
49.0,1.0,3.0,118.0,149.0,0,2.0,126.0,0.0,0.8,1,0,1,0.0,1.0,0.0,0.0,0.0,0.0,0.0
74.0,0.0,2.0,120.0,269.0,0,2.0,121.0,1.0,0.2,0,1,2,0.0,0.0,0.0,0.0,1.0,0.0,0.0
54.0,0.0,3.0,160.0,201.0,0,0.0,163.0,0.0,0.0,0,0,0,1.0,0.0,0.0,0.0,0.0,0.0,0.0
54.0,1.0,4.0,122.0,286.0,0,2.0,116.0,1.0,3.2,1,1,6,0.0,0.0,0.0,0.0,0.0,0.0,0.0
56.0,1.0,4.0,130.0,283.0,1,2.0,103.0,1.0,1.6,1,2,4,0.0,0.0,0.0,0.0,0.0,0.0,0.0
46.0,1.0,4.0,120.0,249.0,0,2.0,144.0,0.0,0.8,1,1,1,0.0,1.0,0.0,0.0,0.0,0.0,0.0
49.0,0.0,2.0,134.0,271.0,0,0.0,162.0,0.0,0.0,0,1,0,0.0,0.0,1.0,0.0,0.0,0.0,0.0
42.0,1.0,2.0,120.0,295.0,0,0.0,162.0,0.0,0.0,0,1,0,0.0,1.0,0.0,0.0,0.0,0.0,0.0
41.0,1.0,2.0,110.0,235.0,0,0.0,153.0,0.0,0.0,0,0,0,0.0,1.0,0.0,0.0,0.0,0.0,0.0
41.0,0.0,2.0,126.0,306.0,0,0.0,163.0,0.0,0.0,0,1,0,0.0,0.0,1.0,0.0,0.0,0.0,0.0
49.0,0.0,4.0,130.0,269.0,0,0.0,163.0,0.0,0.0,0,1,0,0.0,0.0,1.0,0.0,0.0,0.0,0.0
61.0,1.0,1.0,134.0,234.0,0,0.0,145.0,0.0,2.6,1,0,2,0.0,0.0,0.0,0.0,0.0,0.0,0.0
60.0,0.0,3.0,120.0,178.0,1,0.0,96.0,0.0,0.0,0,1,2,1.0,0.0,0.0,0.0,0.0,0.0,0.0
67.0,1.0,4.0,120.0,237.0,0,0.0,71.0,0.0,1.0,1,0,4,0.0,0.0,0.0,1.0,0.0,0.0,0.0
58.0,1.0,4.0,100.0,234.0,0,0.0,156.0,0.0,0.1,1,0,0,0.0,0.0,0.0,0.0,0.0,0.0,0.0
47.0,1.0,4.0,110.0,275.0,0,2.0,118.0,1.0,1.0,1,1,4,0.0,1.0,0.0,0.0,0.0,0.0,0.0
52.0,1.0,4.0,125.0,212.0,0,0.0,168.0,0.0,1.0,1,0,1,0.0,0.0,0.0,0.0,0.0,0.0,0.0
62.0,1.0,2.0,128.0,208.0,1,2.0,140.0,0.0,0.0,0,1,0,0.0,0.0,0.0,0.0,0.0,0.0,0.0
57.0,1.0,4.0,110.0,201.0,0,0.0,126.0,1.0,1.5,0,0,3,0.0,0.0,0.0,0.0,0.0,0.0,0.0
58.0,1.0,4.0,146.0,218.0,0,0.0,105.0,0.0,2.0,1,0,4,0.0,0.0,0.0,0.0,0.0,0.0,0.0
64.0,1.0,4.0,128.0,263.0,0,0.0,105.0,1.0,0.2,0,1,3,0.0,0.0,0.0,0.0,0.0,0.0,0.0
51.0,0.0,3.0,120.0,295.0,0,2.0,157.0,0.0,0.6,0,1,0,1.0,0.0,0.0,0.0,0.0,0.0,0.0
43.0,1.0,4.0,115.0,303.0,0,0.0,181.0,0.0,1.2,0,1,1,0.0,1.0,0.0,0.0,0.0,0.0,0.0
42.0,0.0,3.0,120.0,209.0,0,0.0,173.0,0.0,0.0,0,0,0,0.0,0.0,1.0,0.0,0.0,0.0,0.0
67.0,0.0,4.0,106.0,223.0,0,0.0,142.0,0.0,0.3,0,0,0,0.0,0.0,0.0,0.0,1.0,0.0,0.0
76.0,0.0,3.0,140.0,197.0,0,1.0,116.0,0.0,1.1,0,0,2,0.0,0.0,0.0,0.0,1.0,0.0,0.0
70.0,1.0,2.0,156.0,245.0,0,2.0,143.0,0.0,0.0,0,1,0,0.0,0.0,0.0,1.0,0.0,0.0,0.0
57.0,1.0,2.0,124.0,261.0,0,0.0,141.0,0.0,0.3,1,1,0,0.0,0.0,0.0,0.0,0.0,0.0,0.0
44.0,0.0,3.0,118.0,242.0,0,0.0,149.0,0.0,0.3,0,1,1,0.0,0.0,1.0,0.0,0.0,0.0,0.0
58.0,0.0,2.0,136.0,319.0,1,2.0,152.0,0.0,0.0,1,2,0,1.0,0.0,0.0,0.0,0.0,0.0,0.0
60.0,0.0,1.0,150.0,240.0,0,0.0,171.0,0.0,0.9,0,0,0,1.0,0.0,0.0,0.0,0.0,0.0,0.0
44.0,1.0,3.0,120.0,226.0,0,0.0,169.0,0.0,0.0,0,0,0,0.0,1.0,0.0,0.0,0.0,0.0,0.0
61.0,1.0,4.0,138.0,166.0,0,2.0,125.0,1.0,3.6,1,0,5,0.0,0.0,0.0,0.0,0.0,0.0,0.0
42.0,1.0,4.0,136.0,315.0,0,0.0,125.0,1.0,1.8,1,1,3,0.0,1.0,0.0,0.0,0.0,0.0,0.0
52.0,1.0,4.0,128.0,204.0,1,0.0,156.0,1.0,1.0,1,1,2,0.0,0.0,0.0,0.0,0.0,0.0,0.0
59.0,1.0,3.0,126.0,218.0,1,0.0,134.0,0.0,2.2,1,1,3,0.0,0.0,0.0,0.0,0.0,0.0,0.0
40.0,1.0,4.0,152.0,223.0,0,0.0,181.0,0.0,0.0,1,0,0,0.0,1.0,0.0,0.0,0.0,0.0,0.0
42.0,1.0,3.0,130.0,180.0,0,0.0,150.0,0.0,0.0,0,0,1,0.0,1.0,0.0,0.0,0.0,0.0,0.0
61.0,1.0,4.0,140.0,207.0,0,2.0,138.0,1.0,1.9,1,0,2,0.0,0.0,0.0,0.0,0.0,0.0,0.0
66.0,1.0,4.0,160.0,228.0,0,2.0,138.0,0.0,2.3,0,0,2,0.0,0.0,0.0,1.0,0.0,0.0,0.0
46.0,1.0,4.0,140.0,311.0,0,0.0,120.0,1.0,1.8,1,1,4,0.0,1.0,0.0,0.0,0.0,0.0,0.0
71.0,0.0,4.0,112.0,149.0,0,0.0,125.0,0.0,1.6,0,0,2,0.0,0.0,0.0,0.0,1.0,0.0,0.0
59.0,1.0,1.0,134.0,204.0,0,0.0,162.0,0.0,0.8,1,0,0,0.0,0.0,0.0,0.0,0.0,0.0,0.0
64.0,1.0,1.0,170.0,227.0,0,2.0,155.0,0.0,0.6,0,0,0,0.0,0.0,0.0,0.0,0.0,0.0,0.0
66.0,0.0,3.0,146.0,278.0,0,2.0,152.0,0.0,0.0,0,1,0,0.0,0.0,0.0,0.0,1.0,0.0,0.0
39.0,0.0,3.0,138.0,220.0,0,0.0,152.0,0.0,0.0,0,0,1,0.0,0.0,1.0,0.0,0.0,0.0,0.0
57.0,1.0,2.0,154.0,232.0,0,2.0,164.0,0.0,0.0,1,0,0,0.0,0.0,0.0,0.0,0.0,0.0,0.0
58.0,0.0,4.0,130.0,197.0,0,0.0,131.0,0.0,0.6,0,0,1,1.0,0.0,0.0,0.0,0.0,0.0,0.0
57.0,1.0,4.0,110.0,335.0,0,0.0,143.0,1.0,3.0,1,1,4,0.0,0.0,0.0,0.0,0.0,0.0,0.0
47.0,1.0,3.0,130.0,253.0,0,0.0,179.0,0.0,0.0,0,1,0,0.0,1.0,0.0,0.0,0.0,0.0,0.0
55.0,0.0,4.0,128.0,205.0,0,1.0,130.0,1.0,2.0,1,0,4,1.0,0.0,0.0,0.0,0.0,0.0,0.0
35.0,1.0,2.0,122.0,192.0,0,0.0,174.0,0.0,0.0,0,0,0,0.0,0.0,0.0,0.0,0.0,1.0,0.0
61.0,1.0,4.0,148.0,203.0,0,0.0,161.0,0.0,0.0,1,0,0,0.0,0.0,0.0,0.0,0.0,0.0,0.0
58.0,1.0,4.0,114.0,318.0,0,1.0,140.0,0.0,4.4,1,1,4,0.0,0.0,0.0,0.0,0.0,0.0,0.0
58.0,0.0,4.0,170.0,225.0,1,2.0,146.0,1.0,2.8,1,1,3,1.0,0.0,0.0,0.0,0.0,0.0,0.0
58.0,1.0,2.0,125.0,220.0,0,0.0,144.0,0.0,0.4,0,0,0,0.0,0.0,0.0,0.0,0.0,0.0,0.0
56.0,1.0,2.0,130.0,221.0,0,2.0,163.0,0.0,0.0,0,0,0,0.0,0.0,0.0,0.0,0.0,0.0,0.0
56.0,1.0,2.0,120.0,240.0,0,0.0,169.0,0.0,0.0,0,0,0,0.0,0.0,0.0,0.0,0.0,0.0,0.0
67.0,1.0,3.0,152.0,212.0,0,2.0,150.0,0.0,0.8,1,0,0,0.0,0.0,0.0,1.0,0.0,0.0,0.0
55.0,0.0,2.0,132.0,342.0,0,0.0,166.0,0.0,1.2,0,1,1,1.0,0.0,0.0,0.0,0.0,0.0,0.0
44.0,1.0,4.0,120.0,169.0,0,0.0,144.0,1.0,2.8,1,0,4,0.0,1.0,0.0,0.0,0.0,0.0,0.0
63.0,1.0,4.0,140.0,187.0,0,2.0,144.0,1.0,4.0,1,0,5,0.0,0.0,0.0,0.0,0.0,0.0,0.0
63.0,0.0,4.0,124.0,197.0,0,0.0,136.0,1.0,0.0,1,0,1,1.0,0.0,0.0,0.0,0.0,0.0,0.0
41.0,1.0,2.0,120.0,157.0,0,0.0,182.0,0.0,0.0,0,0,0,0.0,1.0,0.0,0.0,0.0,0.0,0.0
59.0,1.0,4.0,164.0,176.0,1,2.0,90.0,0.0,1.0,1,1,3,0.0,0.0,0.0,0.0,0.0,0.0,0.0
57.0,0.0,4.0,140.0,241.0,0,0.0,123.0,1.0,0.2,1,1,2,1.0,0.0,0.0,0.0,0.0,0.0,0.0
45.0,1.0,1.0,110.0,264.0,0,0.0,132.0,0.0,1.2,1,1,2,0.0,1.0,0.0,0.0,0.0,0.0,0.0
68.0,1.0,4.0,144.0,193.0,1,0.0,141.0,0.0,3.4,1,1,3,0.0,0.0,0.0,1.0,0.0,0.0,0.0
57.0,1.0,4.0,130.0,131.0,0,0.0,115.0,1.0,1.2,1,0,3,0.0,0.0,0.0,0.0,0.0,0.0,0.0
57.0,0.0,2.0,130.0,236.0,0,2.0,174.0,0.0,0.0,1,0,0,1.0,0.0,0.0,0.0,0.0,0.0,0.0
38.0,1.0,3.0,138.0,175.0,0,0.0,173.0,0.0,0.0,0,0,0,0.0,1.0,0.0,0.0,0.0,0.0,0.0
32.0,1.0,1.0,95.0,212.0,0,0.0,127.0,0.0,0.7,1,0,2,0.0,0.0,0.0,0.0,0.0,1.0,0.0
35.0,1.0,4.0,134.6,294.6,0,0.0,130.0,1.0,1.02,1,1,3,0.0,0.0,0.0,0.0,0.0,1.0,0.0
36.0,1.0,4.0,110.0,198.6,0,0.0,125.0,1.0,1.0,1,0,4,0.0,0.0,0.0,0.0,0.0,1.0,0.0
38.0,0.0,4.0,105.0,231.6,0,0.0,166.0,0.0,2.8,1,0,2,0.0,0.0,1.0,0.0,0.0,0.0,0.0
38.0,0.0,4.0,110.0,216.4,0,0.0,156.0,0.0,0.0,1,0,0,0.0,0.0,1.0,0.0,0.0,0.0,0.0
38.0,1.0,3.0,100.0,219.2,0,0.0,179.0,0.0,1.1,0,0,1,0.0,1.0,0.0,0.0,0.0,0.0,0.0
38.0,1.0,3.0,115.0,219.2,0,0.0,128.0,1.0,0.0,1,0,2,0.0,1.0,0.0,0.0,0.0,0.0,0.0
38.0,1.0,4.0,135.0,205.8,0,0.0,150.0,0.0,0.0,1,0,1,0.0,1.0,0.0,0.0,0.0,0.0,0.0
38.0,1.0,4.0,150.0,205.8,0,0.0,120.0,1.0,1.4,1,0,4,0.0,1.0,0.0,0.0,0.0,0.0,0.0
40.0,1.0,4.0,95.0,216.4,0,1.0,144.0,0.0,0.0,1,0,1,0.0,1.0,0.0,0.0,0.0,0.0,0.0
41.0,1.0,4.0,125.0,241.4,0,0.0,176.0,0.0,1.6,1,1,1,0.0,1.0,0.0,0.0,0.0,0.0,0.0
42.0,1.0,4.0,105.0,241.4,0,0.0,128.0,1.0,1.5,1,1,3,0.0,1.0,0.0,0.0,0.0,0.0,0.0
42.0,1.0,4.0,145.0,241.4,0,0.0,99.0,1.0,0.0,1,1,3,0.0,1.0,0.0,0.0,0.0,0.0,0.0
43.0,1.0,4.0,100.0,241.4,0,0.0,122.0,0.0,1.5,1,1,3,0.0,1.0,0.0,0.0,0.0,0.0,0.0
43.0,1.0,4.0,115.0,241.4,0,0.0,145.0,1.0,2.0,1,1,4,0.0,1.0,0.0,0.0,0.0,0.0,0.0
43.0,1.0,4.0,140.0,222.4,0,1.0,140.0,1.0,0.5,1,0,2,0.0,1.0,0.0,0.0,0.0,0.0,0.0
45.0,1.0,3.0,110.0,229.2,0,0.0,138.0,0.0,0.1,0,0,1,0.0,1.0,0.0,0.0,0.0,0.0,0.0
46.0,1.0,4.0,100.0,239.6,1,1.0,133.0,0.0,2.6,1,1,3,0.0,1.0,0.0,0.0,0.0,0.0,0.0
46.0,1.0,4.0,115.0,241.4,0,0.0,113.0,1.0,1.5,1,1,4,0.0,1.0,0.0,0.0,0.0,0.0,0.0
47.0,1.0,3.0,110.0,243.4,0,0.0,120.0,1.0,0.0,1,1,3,0.0,1.0,0.0,0.0,0.0,0.0,0.0
47.0,1.0,3.0,155.0,227.6,0,0.0,118.0,1.0,1.0,1,0,4,0.0,1.0,0.0,0.0,0.0,0.0,0.0
47.0,1.0,4.0,110.0,239.6,1,1.0,149.0,0.0,2.1,1,1,2,0.0,1.0,0.0,0.0,0.0,0.0,0.0
47.0,1.0,4.0,160.0,241.4,0,0.0,124.0,1.0,0.0,1,1,2,0.0,1.0,0.0,0.0,0.0,0.0,0.0
48.0,1.0,4.0,115.0,216.2,0,0.0,128.0,0.0,0.0,1,0,1,0.0,1.0,0.0,0.0,0.0,0.0,0.0
50.0,0.0,4.0,160.0,247.4,0,0.0,110.0,0.0,0.0,1,1,2,1.0,0.0,0.0,0.0,0.0,0.0,0.0
50.0,1.0,4.0,115.0,235.2,0,0.0,120.0,1.0,0.5,1,0,2,0.0,0.0,0.0,0.0,0.0,0.0,0.0
50.0,1.0,4.0,120.0,237.4,0,1.0,156.0,1.0,0.0,1,0,1,0.0,0.0,0.0,0.0,0.0,0.0,0.0
50.0,1.0,4.0,145.0,208.0,0,0.0,139.0,1.0,0.7,1,0,2,0.0,0.0,0.0,0.0,0.0,0.0,0.0
51.0,0.0,4.0,120.0,244.8,0,0.0,127.0,1.0,1.5,1,1,3,1.0,0.0,0.0,0.0,0.0,0.0,0.0
51.0,1.0,4.0,110.0,247.4,0,0.0,92.0,0.0,0.0,1,1,2,0.0,0.0,0.0,0.0,0.0,0.0,0.0
51.0,1.0,4.0,120.0,226.8,1,0.0,104.0,0.0,0.0,1,1,2,0.0,0.0,0.0,0.0,0.0,0.0,0.0
51.0,1.0,4.0,130.0,220.8,0,0.0,170.0,0.0,0.7,1,0,0,0.0,0.0,0.0,0.0,0.0,0.0,0.0
51.0,1.0,4.0,130.0,252.2,1,1.0,163.0,0.0,0.0,1,2,0,0.0,0.0,0.0,0.0,0.0,0.0,0.0
51.0,1.0,4.0,140.0,235.2,0,0.0,60.0,0.0,0.0,1,0,3,0.0,0.0,0.0,0.0,0.0,0.0,0.0
51.0,1.0,4.0,95.0,247.4,0,0.0,126.0,0.0,2.2,1,1,3,0.0,0.0,0.0,0.0,0.0,0.0,0.0
52.0,1.0,4.0,130.0,247.8,0,0.0,120.0,0.0,0.0,1,1,1,0.0,0.0,0.0,0.0,0.0,0.0,0.0
52.0,1.0,4.0,135.0,247.4,0,0.0,128.0,1.0,2.0,1,1,4,0.0,0.0,0.0,0.0,0.0,0.0,0.0
52.0,1.0,4.0,165.0,247.4,0,0.0,122.0,1.0,1.0,1,1,3,0.0,0.0,0.0,0.0,0.0,0.0,0.0
52.0,1.0,4.0,95.0,247.4,0,0.0,82.0,1.0,0.7,1,1,4,0.0,0.0,0.0,0.0,0.0,0.0,0.0
53.0,1.0,2.0,120.0,246.0,0,0.0,95.0,0.0,0.0,1,1,2,0.0,0.0,0.0,0.0,0.0,0.0,0.0
53.0,1.0,2.0,130.0,202.4,0,1.0,120.0,0.0,0.7,0,0,1,0.0,0.0,0.0,0.0,0.0,0.0,0.0
53.0,1.0,3.0,105.0,243.8,0,0.0,115.0,0.0,0.0,1,1,2,0.0,0.0,0.0,0.0,0.0,0.0,0.0
53.0,1.0,3.0,160.0,255.8,1,2.0,122.0,1.0,0.0,1,2,2,0.0,0.0,0.0,0.0,0.0,0.0,0.0
53.0,1.0,4.0,120.0,247.4,0,0.0,120.0,0.0,0.0,1,1,1,0.0,0.0,0.0,0.0,0.0,0.0,0.0
53.0,1.0,4.0,125.0,247.4,0,0.0,120.0,0.0,1.5,1,1,2,0.0,0.0,0.0,0.0,0.0,0.0,0.0
53.0,1.0,4.0,130.0,293.6,0,2.0,135.0,1.0,1.0,1,1,3,0.0,0.0,0.0,0.0,0.0,0.0,0.0
53.0,1.0,4.0,80.0,247.4,0,0.0,141.0,1.0,2.0,0,1,4,0.0,0.0,0.0,0.0,0.0,0.0,0.0
54.0,1.0,4.0,120.0,247.4,0,0.0,155.0,0.0,0.0,1,1,0,0.0,0.0,0.0,0.0,0.0,0.0,0.0
54.0,1.0,4.0,130.0,247.4,0,0.0,110.0,1.0,3.0,1,1,6,0.0,0.0,0.0,0.0,0.0,0.0,0.0
54.0,1.0,4.0,180.0,247.4,0,0.0,150.0,0.0,1.5,1,1,1,0.0,0.0,0.0,0.0,0.0,0.0,0.0
55.0,1.0,2.0,140.0,209.4,0,1.0,150.0,0.0,0.2,0,0,0,0.0,0.0,0.0,0.0,0.0,0.0,0.0
55.0,1.0,4.0,115.0,247.4,0,0.0,155.0,0.0,0.1,1,1,0,0.0,0.0,0.0,0.0,0.0,0.0,0.0
55.0,1.0,4.0,120.0,265.2,0,1.0,92.0,0.0,0.3,1,1,2,0.0,0.0,0.0,0.0,0.0,0.0,0.0
55.0,1.0,4.0,140.0,247.4,0,0.0,83.0,0.0,0.0,1,1,2,0.0,0.0,0.0,0.0,0.0,0.0,0.0
56.0,1.0,3.0,120.0,259.4,0,0.0,97.0,0.0,0.0,0,1,2,0.0,0.0,0.0,0.0,0.0,0.0,0.0
56.0,1.0,3.0,125.0,250.0,0,0.0,98.0,0.0,2.0,1,1,4,0.0,0.0,0.0,0.0,0.0,0.0,0.0
56.0,1.0,3.0,155.0,215.0,0,1.0,99.0,0.0,0.0,1,0,2,0.0,0.0,0.0,0.0,0.0,0.0,0.0
56.0,1.0,4.0,115.0,256.2,1,1.0,82.0,0.0,1.0,1,2,3,0.0,0.0,0.0,0.0,0.0,0.0,0.0
56.0,1.0,4.0,120.0,265.2,0,1.0,100.0,1.0,1.0,1,1,4,0.0,0.0,0.0,0.0,0.0,0.0,0.0
56.0,1.0,4.0,120.0,265.2,0,1.0,148.0,0.0,0.0,1,1,0,0.0,0.0,0.0,0.0,0.0,0.0,0.0
56.0,1.0,4.0,125.0,220.4,1,0.0,103.0,1.0,1.0,1,1,4,0.0,0.0,0.0,0.0,0.0,0.0,0.0
56.0,1.0,4.0,140.0,241.8,0,0.0,121.0,1.0,1.8,1,1,3,0.0,0.0,0.0,0.0,0.0,0.0,0.0
57.0,1.0,3.0,105.0,250.0,0,0.0,148.0,0.0,0.3,1,1,0,0.0,0.0,0.0,0.0,0.0,0.0,0.0
57.0,1.0,4.0,110.0,256.2,0,1.0,131.0,1.0,1.4,1,1,3,0.0,0.0,0.0,0.0,0.0,0.0,0.0
57.0,1.0,4.0,140.0,241.8,0,0.0,120.0,1.0,2.0,1,1,4,0.0,0.0,0.0,0.0,0.0,0.0,0.0
57.0,1.0,4.0,140.0,253.4,0,0.0,100.0,1.0,0.0,1,1,3,0.0,0.0,0.0,0.0,0.0,0.0,0.0
57.0,1.0,4.0,160.0,250.6,0,0.0,98.0,1.0,2.0,1,1,5,0.0,0.0,0.0,0.0,0.0,0.0,0.0
57.0,1.0,4.0,95.0,253.4,0,0.0,182.0,0.0,0.7,1,1,0,0.0,0.0,0.0,0.0,0.0,0.0,0.0
58.0,1.0,4.0,115.0,253.4,0,0.0,138.0,0.0,0.5,1,1,0,0.0,0.0,0.0,0.0,0.0,0.0,0.0
58.0,1.0,4.0,130.0,265.2,0,1.0,100.0,1.0,1.0,1,1,4,0.0,0.0,0.0,0.0,0.0,0.0,0.0
58.0,1.0,4.0,170.0,259.6,0,1.0,105.0,1.0,0.0,1,1,3,0.0,0.0,0.0,0.0,0.0,0.0,0.0
59.0,1.0,3.0,125.0,232.6,0,0.0,175.0,0.0,2.6,1,0,2,0.0,0.0,0.0,0.0,0.0,0.0,0.0
59.0,1.0,4.0,110.0,253.4,0,0.0,94.0,0.0,0.0,1,1,2,0.0,0.0,0.0,0.0,0.0,0.0,0.0
59.0,1.0,4.0,120.0,253.4,0,0.0,115.0,0.0,0.0,1,1,1,0.0,0.0,0.0,0.0,0.0,0.0,0.0
59.0,1.0,4.0,125.0,253.4,0,0.0,119.0,1.0,0.9,1,1,2,0.0,0.0,0.0,0.0,0.0,0.0,0.0
59.0,1.0,4.0,135.0,253.4,0,0.0,115.0,1.0,1.0,1,1,3,0.0,0.0,0.0,0.0,0.0,0.0,0.0
60.0,1.0,3.0,115.0,260.8,0,0.0,143.0,0.0,2.4,1,1,2,0.0,0.0,0.0,0.0,0.0,0.0,0.0
60.0,1.0,4.0,125.0,253.4,0,0.0,110.0,0.0,0.1,1,1,2,0.0,0.0,0.0,0.0,0.0,0.0,0.0
60.0,1.0,4.0,130.0,280.0,1,1.0,130.0,1.0,1.1,1,2,3,0.0,0.0,0.0,0.0,0.0,0.0,0.0
60.0,1.0,4.0,135.0,253.8,0,0.0,63.0,1.0,0.5,1,1,4,0.0,0.0,0.0,0.0,0.0,0.0,0.0
60.0,1.0,4.0,160.0,280.0,0,1.0,99.0,1.0,0.5,1,1,3,0.0,0.0,0.0,0.0,0.0,0.0,0.0
60.0,1.0,4.0,160.0,253.4,0,0.0,149.0,0.0,0.4,1,1,0,0.0,0.0,0.0,0.0,0.0,0.0,0.0
61.0,1.0,3.0,200.0,237.6,1,1.0,70.0,0.0,0.0,1,1,3,0.0,0.0,0.0,0.0,0.0,0.0,0.0
61.0,1.0,4.0,105.0,266.6,0,0.0,110.0,1.0,1.5,1,1,4,0.0,0.0,0.0,0.0,0.0,0.0,0.0
61.0,1.0,4.0,110.0,266.6,0,0.0,113.0,0.0,1.4,1,1,2,0.0,0.0,0.0,0.0,0.0,0.0,0.0
61.0,1.0,4.0,125.0,266.6,0,0.0,105.0,1.0,0.0,1,1,3,0.0,0.0,0.0,0.0,0.0,0.0,0.0
61.0,1.0,4.0,130.0,308.2,0,2.0,115.0,0.0,0.0,1,1,1,0.0,0.0,0.0,0.0,0.0,0.0,0.0
61.0,1.0,4.0,130.0,266.6,0,0.0,77.0,0.0,2.5,1,1,5,0.0,0.0,0.0,0.0,0.0,0.0,0.0
61.0,1.0,4.0,150.0,266.6,0,0.0,105.0,1.0,0.0,1,1,3,0.0,0.0,0.0,0.0,0.0,0.0,0.0
61.0,1.0,4.0,150.0,266.6,0,0.0,117.0,1.0,2.0,1,1,4,0.0,0.0,0.0,0.0,0.0,0.0,0.0
61.0,1.0,4.0,160.0,264.0,1,1.0,145.0,0.0,1.0,1,2,1,0.0,0.0,0.0,0.0,0.0,0.0,0.0
62.0,0.0,1.0,140.0,273.6,0,0.0,143.0,0.0,0.0,1,1,0,1.0,0.0,0.0,0.0,0.0,0.0,0.0
62.0,0.0,4.0,120.0,286.2,0,1.0,123.0,1.0,1.7,1,1,3,1.0,0.0,0.0,0.0,0.0,0.0,0.0
62.0,1.0,1.0,120.0,184.4,0,2.0,134.0,0.0,0.8,1,0,1,0.0,0.0,0.0,0.0,0.0,0.0,0.0
62.0,1.0,3.0,160.0,264.4,0,0.0,72.0,1.0,0.0,1,1,4,0.0,0.0,0.0,0.0,0.0,0.0,0.0
62.0,1.0,4.0,115.0,252.0,0,0.0,128.0,1.0,2.5,1,1,4,0.0,0.0,0.0,0.0,0.0,0.0,0.0
62.0,1.0,4.0,115.0,252.0,0,0.0,72.0,1.0,0.5,1,1,4,0.0,0.0,0.0,0.0,0.0,0.0,0.0
62.0,1.0,4.0,150.0,280.0,1,1.0,78.0,0.0,2.0,1,2,5,0.0,0.0,0.0,0.0,0.0,0.0,0.0
63.0,1.0,4.0,100.0,252.0,0,0.0,109.0,0.0,0.9,1,1,2,0.0,0.0,0.0,0.0,0.0,0.0,0.0
63.0,1.0,4.0,140.0,303.6,0,2.0,149.0,0.0,2.0,1,1,2,0.0,0.0,0.0,0.0,0.0,0.0,0.0
63.0,1.0,4.0,150.0,252.4,0,0.0,86.0,1.0,2.0,1,1,5,0.0,0.0,0.0,0.0,0.0,0.0,0.0
63.0,1.0,4.0,150.0,282.4,0,1.0,154.0,0.0,3.7,1,1,3,0.0,0.0,0.0,0.0,0.0,0.0,0.0
63.0,1.0,4.0,185.0,252.4,0,0.0,98.0,1.0,0.0,1,1,3,0.0,0.0,0.0,0.0,0.0,0.0,0.0
64.0,0.0,4.0,200.0,251.4,0,0.0,140.0,1.0,1.0,1,1,2,1.0,0.0,0.0,0.0,0.0,0.0,0.0
64.0,0.0,4.0,95.0,252.0,0,0.0,145.0,0.0,1.1,1,1,1,1.0,0.0,0.0,0.0,0.0,0.0,0.0
64.0,1.0,4.0,110.0,252.0,0,0.0,114.0,1.0,1.3,1,1,3,0.0,0.0,0.0,0.0,0.0,0.0,0.0
65.0,1.0,4.0,115.0,252.4,0,0.0,93.0,1.0,0.0,1,1,3,0.0,0.0,0.0,1.0,0.0,0.0,0.0
65.0,1.0,4.0,145.0,268.2,1,1.0,67.0,0.0,1.1,1,2,4,0.0,0.0,0.0,1.0,0.0,0.0,0.0
65.0,1.0,4.0,155.0,252.0,0,0.0,154.0,0.0,1.0,0,1,1,0.0,0.0,0.0,1.0,0.0,0.0,0.0
65.0,1.0,4.0,160.0,265.2,1,1.0,122.0,0.0,0.6,1,2,1,0.0,0.0,0.0,1.0,0.0,0.0,0.0
66.0,0.0,4.0,155.0,252.0,0,0.0,90.0,0.0,0.0,1,1,2,0.0,0.0,0.0,0.0,1.0,0.0,0.0
66.0,1.0,4.0,150.0,256.0,0,0.0,108.0,1.0,2.0,1,1,4,0.0,0.0,0.0,1.0,0.0,0.0,0.0
67.0,1.0,1.0,145.0,176.8,0,2.0,125.0,0.0,0.0,1,0,1,0.0,0.0,0.0,1.0,0.0,0.0,0.0
68.0,1.0,4.0,135.0,263.2,0,1.0,120.0,1.0,0.0,1,1,2,0.0,0.0,0.0,1.0,0.0,0.0,0.0
68.0,1.0,4.0,145.0,239.8,0,0.0,136.0,0.0,1.8,1,0,1,0.0,0.0,0.0,1.0,0.0,0.0,0.0
69.0,1.0,4.0,135.0,258.6,0,0.0,130.0,0.0,0.0,1,1,0,0.0,0.0,0.0,1.0,0.0,0.0,0.0
69.0,1.0,4.0,138.0,223.0,0,1.0,119.2,1.0,1.0,1,0,3,0.0,0.0,0.0,1.0,0.0,0.0,0.0
70.0,1.0,4.0,115.0,275.6,0,1.0,92.0,1.0,0.0,1,1,3,0.0,0.0,0.0,1.0,0.0,0.0,0.0
70.0,1.0,4.0,140.0,256.4,1,0.0,157.0,1.0,2.0,1,2,3,0.0,0.0,0.0,1.0,0.0,0.0,0.0
72.0,1.0,3.0,160.0,257.2,0,2.0,114.0,0.0,1.6,0,1,2,0.0,0.0,0.0,1.0,0.0,0.0,0.0
73.0,0.0,3.0,160.0,221.4,0,1.0,121.0,0.0,0.0,1,0,1,0.0,0.0,0.0,0.0,1.0,0.0,0.0
74.0,1.0,2.0,145.0,183.6,1,1.0,123.0,0.0,1.3,1,1,2,0.0,0.0,0.0,1.0,0.0,0.0,0.0
63.0,1.0,4.0,140.0,260.0,0,1.0,112.0,1.0,3.0,1,1,5,0.0,0.0,0.0,0.0,0.0,0.0,0.0
44.0,1.0,4.0,130.0,209.0,0,1.0,127.0,0.0,0.0,0,0,1,0.0,1.0,0.0,0.0,0.0,0.0,0.0
60.0,1.0,4.0,132.0,218.0,0,1.0,140.0,1.0,1.5,1,0,2,0.0,0.0,0.0,0.0,0.0,0.0,0.0
55.0,1.0,4.0,142.0,228.0,0,1.0,149.0,1.0,2.5,1,0,3,0.0,0.0,0.0,0.0,0.0,0.0,0.0
66.0,1.0,3.0,110.0,213.0,1,2.0,99.0,1.0,1.3,0,1,4,0.0,0.0,0.0,1.0,0.0,0.0,0.0
66.0,1.0,3.0,120.0,229.0,0,1.0,120.0,0.0,0.5,0,0,1,0.0,0.0,0.0,1.0,0.0,0.0,0.0
65.0,1.0,4.0,150.0,236.0,1,1.0,105.0,1.0,0.0,1,1,3,0.0,0.0,0.0,1.0,0.0,0.0,0.0
60.0,1.0,3.0,180.0,236.6,0,1.0,140.0,1.0,1.5,0,0,2,0.0,0.0,0.0,0.0,0.0,0.0,0.0
60.0,1.0,3.0,120.0,260.8,0,0.0,141.0,1.0,2.0,1,1,3,0.0,0.0,0.0,0.0,0.0,0.0,0.0
60.0,1.0,2.0,160.0,267.0,1,1.0,157.0,0.0,0.5,1,2,0,0.0,0.0,0.0,0.0,0.0,0.0,0.0
56.0,1.0,2.0,126.0,166.0,0,1.0,140.0,0.0,0.0,0,0,0,0.0,0.0,0.0,0.0,0.0,0.0,0.0
59.0,1.0,4.0,140.0,257.2,0,1.0,117.0,1.0,1.0,1,1,3,0.0,0.0,0.0,0.0,0.0,0.0,0.0
62.0,1.0,4.0,110.0,252.4,0,0.0,120.0,1.0,0.5,1,1,2,0.0,0.0,0.0,0.0,0.0,0.0,0.0
63.0,1.0,3.0,128.8,218.6,0,2.0,136.0,0.2,1.26,1,0,1,0.0,0.0,0.0,0.0,0.0,0.0,0.0
57.0,1.0,4.0,128.0,251.6,1,1.0,148.0,1.0,1.0,1,2,2,0.0,0.0,0.0,0.0,0.0,0.0,0.0
62.0,1.0,4.0,120.0,220.0,0,1.0,86.0,0.0,0.0,0,0,2,0.0,0.0,0.0,0.0,0.0,0.0,0.0
63.0,1.0,4.0,170.0,177.0,0,0.0,84.0,1.0,2.5,1,0,5,0.0,0.0,0.0,0.0,0.0,0.0,0.0
46.0,1.0,4.0,110.0,236.0,0,0.0,125.0,1.0,2.0,1,0,4,0.0,1.0,0.0,0.0,0.0,0.0,0.0
63.0,1.0,4.0,126.0,265.4,0,1.0,120.0,0.0,1.5,0,1,2,0.0,0.0,0.0,0.0,0.0,0.0,0.0
60.0,1.0,4.0,152.0,280.0,0,1.0,118.0,1.0,0.0,0,1,2,0.0,0.0,0.0,0.0,0.0,0.0,0.0
58.0,1.0,4.0,116.0,253.4,0,0.0,124.0,0.0,1.0,1,1,2,0.0,0.0,0.0,0.0,0.0,0.0,0.0
64.0,1.0,4.0,120.0,265.2,1,1.0,106.0,0.0,2.0,1,2,4,0.0,0.0,0.0,0.0,0.0,0.0,0.0
63.0,1.0,3.0,130.0,236.6,0,1.0,111.0,1.0,0.0,1,0,2,0.0,0.0,0.0,0.0,0.0,0.0,0.0
74.0,1.0,3.0,135.6,243.6,0,0.0,123.4,0.4,0.9800000000000001,0,1,1,0.0,0.0,0.0,1.0,0.0,0.0,0.0
52.0,1.0,3.0,128.0,222.4,0,1.0,180.0,0.0,3.0,1,0,3,0.0,0.0,0.0,0.0,0.0,0.0,0.0
69.0,1.0,4.0,130.0,254.4,1,1.0,129.0,0.0,1.0,1,2,1,0.0,0.0,0.0,1.0,0.0,0.0,0.0
51.0,1.0,4.0,134.4,245.8,1,1.0,136.2,0.6,1.0,1,2,3,0.0,0.0,0.0,0.0,0.0,0.0,0.0
60.0,1.0,4.0,130.0,186.0,1,1.0,140.0,1.0,0.5,1,1,1,0.0,0.0,0.0,0.0,0.0,0.0,0.0
56.0,1.0,4.0,120.0,100.0,0,0.0,120.0,1.0,1.5,1,0,3,0.0,0.0,0.0,0.0,0.0,0.0,0.0
55.0,1.0,3.0,156.6,228.0,0,1.0,122.8,0.4,1.4,1,0,2,0.0,0.0,0.0,0.0,0.0,0.0,0.0
54.0,1.0,4.0,143.2,259.6,0,1.0,129.0,0.4,1.6600000000000001,1,1,2,0.0,0.0,0.0,0.0,0.0,0.0,0.0
77.0,1.0,4.0,124.0,171.0,0,1.0,110.0,1.0,2.0,1,0,4,0.0,0.0,0.0,1.0,0.0,0.0,0.0
63.0,1.0,4.0,160.0,230.0,1,0.0,105.0,1.0,1.0,1,1,4,0.0,0.0,0.0,0.0,0.0,0.0,0.0
52.0,1.0,3.0,122.0,243.8,0,0.0,110.0,1.0,2.0,1,1,5,0.0,0.0,0.0,0.0,0.0,0.0,0.0
64.0,1.0,4.0,144.0,265.4,0,1.0,122.0,1.0,1.0,1,1,3,0.0,0.0,0.0,0.0,0.0,0.0,0.0
60.0,1.0,4.0,147.2,281.0,0,1.0,119.0,1.0,0.82,1,1,2,0.0,0.0,0.0,0.0,0.0,0.0,0.0
60.0,1.0,4.0,120.0,253.8,0,0.0,133.0,1.0,2.0,0,1,4,0.0,0.0,0.0,0.0,0.0,0.0,0.0
58.0,1.0,4.0,124.0,203.0,1,0.0,122.4,0.4,0.64,1,1,1,0.0,0.0,0.0,0.0,0.0,0.0,0.0
59.0,1.0,4.0,154.0,257.2,0,1.0,131.0,1.0,1.5,0,1,3,0.0,0.0,0.0,0.0,0.0,0.0,0.0
61.0,1.0,3.0,120.0,264.4,0,0.0,80.0,1.0,0.0,1,1,3,0.0,0.0,0.0,0.0,0.0,0.0,0.0
40.0,1.0,4.0,125.0,221.0,1,0.0,165.0,0.0,0.0,1,1,0,0.0,1.0,0.0,0.0,0.0,0.0,0.0
61.0,1.0,4.0,138.0,264.0,1,1.0,86.0,0.0,1.5,1,2,3,0.0,0.0,0.0,0.0,0.0,0.0,0.0
41.0,1.0,4.0,104.0,222.8,0,1.0,111.0,0.0,0.0,0,0,2,0.0,1.0,0.0,0.0,0.0,0.0,0.0
57.0,1.0,4.0,130.6,277.0,1,1.0,119.2,0.8,0.9,1,2,2,0.0,0.0,0.0,0.0,0.0,0.0,0.0
63.0,1.0,4.0,136.0,252.4,0,0.0,84.0,1.0,0.0,1,1,3,0.0,0.0,0.0,0.0,0.0,0.0,0.0
59.0,1.0,4.0,122.0,233.0,0,0.0,117.0,1.0,1.3,1,0,3,0.0,0.0,0.0,0.0,0.0,0.0,0.0
51.0,1.0,4.0,128.0,235.2,0,0.0,107.0,0.0,0.0,0,0,2,0.0,0.0,0.0,0.0,0.0,0.0,0.0
59.0,1.0,3.0,132.8,261.8,0,0.0,128.0,1.0,2.0,1,1,4,0.0,0.0,0.0,0.0,0.0,0.0,0.0
42.0,1.0,3.0,134.0,240.0,0,0.0,160.0,0.0,0.0,0,0,0,0.0,1.0,0.0,0.0,0.0,0.0,0.0
55.0,1.0,3.0,120.0,222.4,0,1.0,125.0,1.0,2.5,1,0,4,0.0,0.0,0.0,0.0,0.0,0.0,0.0
63.0,0.0,2.0,138.4,271.4,0,0.0,145.8,0.2,0.8400000000000001,0,1,0,1.0,0.0,0.0,0.0,0.0,0.0,0.0
62.0,1.0,4.0,152.0,153.0,0,1.0,97.0,1.0,1.6,1,0,4,0.0,0.0,0.0,0.0,0.0,0.0,0.0
56.0,1.0,2.0,124.0,224.0,1,0.0,161.0,0.0,2.0,0,1,2,0.0,0.0,0.0,0.0,0.0,0.0,0.0
53.0,1.0,4.0,126.0,247.4,0,0.0,106.0,0.0,0.0,1,1,2,0.0,0.0,0.0,0.0,0.0,0.0,0.0
68.0,1.0,4.0,138.0,256.0,0,0.0,130.0,1.0,3.0,1,1,4,0.0,0.0,0.0,1.0,0.0,0.0,0.0
53.0,1.0,4.0,154.0,252.2,1,1.0,140.0,1.0,1.5,1,2,3,0.0,0.0,0.0,0.0,0.0,0.0,0.0
60.0,1.0,3.0,156.0,316.0,1,1.0,119.8,0.4,1.4,1,2,2,0.0,0.0,0.0,0.0,0.0,0.0,0.0
62.0,1.0,2.0,135.0,261.6,0,0.0,152.0,0.2,0.2,0,1,0,0.0,0.0,0.0,0.0,0.0,0.0,0.0
59.0,1.0,4.0,178.0,279.2,1,2.0,120.0,1.0,0.0,1,2,2,0.0,0.0,0.0,0.0,0.0,0.0,0.0
51.0,1.0,4.0,143.6,218.0,1,2.0,129.2,0.8,0.5,0,1,2,0.0,0.0,0.0,0.0,0.0,0.0,0.0
61.0,1.0,4.0,110.0,266.6,0,0.0,108.0,1.0,2.0,1,1,5,0.0,0.0,0.0,0.0,0.0,0.0,0.0
57.0,1.0,4.0,130.0,311.0,0,1.0,148.0,1.0,2.0,1,1,3,0.0,0.0,0.0,0.0,0.0,0.0,0.0
56.0,1.0,3.0,170.0,227.6,0,2.0,123.0,1.0,2.5,1,0,4,0.0,0.0,0.0,0.0,0.0,0.0,0.0
58.0,1.0,2.0,126.0,275.0,1,0.0,110.0,1.0,2.0,1,2,5,0.0,0.0,0.0,0.0,0.0,0.0,0.0
69.0,1.0,3.0,140.0,250.2,1,1.0,118.0,0.0,2.5,1,2,3,0.0,0.0,0.0,1.0,0.0,0.0,0.0
67.0,1.0,1.0,142.0,270.0,1,0.0,125.0,0.0,2.5,1,2,3,0.0,0.0,0.0,1.0,0.0,0.0,0.0
58.0,1.0,4.0,120.0,297.6,0,2.0,106.0,1.0,1.5,1,1,4,0.0,0.0,0.0,0.0,0.0,0.0,0.0
65.0,1.0,4.0,135.2,236.8,0,0.0,129.4,0.6,1.3800000000000001,1,0,3,0.0,0.0,0.0,1.0,0.0,0.0,0.0
63.0,1.0,2.0,149.0,217.0,1,1.0,124.6,0.0,1.04,1,1,2,0.0,0.0,0.0,0.0,0.0,0.0,0.0
55.0,1.0,2.0,110.0,214.0,1,1.0,180.0,0.0,0.22000000000000003,0,1,0,0.0,0.0,0.0,0.0,0.0,0.0,0.0
57.0,1.0,4.0,140.0,214.0,0,1.0,144.0,1.0,2.0,1,0,3,0.0,0.0,0.0,0.0,0.0,0.0,0.0
65.0,1.0,1.0,119.2,252.0,0,0.0,124.2,0.2,0.4,0,1,1,0.0,0.0,0.0,1.0,0.0,0.0,0.0
54.0,1.0,4.0,136.0,220.0,0,0.0,140.0,1.0,3.0,1,0,5,0.0,0.0,0.0,0.0,0.0,0.0,0.0
72.0,1.0,3.0,120.0,214.0,0,0.0,102.0,1.0,1.0,1,0,4,0.0,0.0,0.0,1.0,0.0,0.0,0.0
75.0,1.0,4.0,170.0,203.0,1,1.0,108.0,0.0,0.0,1,1,1,0.0,0.0,0.0,1.0,0.0,0.0,0.0
49.0,1.0,1.0,130.0,197.2,0,1.0,145.0,0.0,3.0,1,0,4,0.0,1.0,0.0,0.0,0.0,0.0,0.0
51.0,1.0,3.0,128.4,339.0,0,0.0,117.0,0.6,0.6,1,1,3,0.0,0.0,0.0,0.0,0.0,0.0,0.0
60.0,1.0,4.0,142.0,216.0,0,0.0,110.0,1.0,2.5,1,0,5,0.0,0.0,0.0,0.0,0.0,0.0,0.0
64.0,0.0,4.0,142.0,276.0,0,0.0,140.0,1.0,1.0,1,1,2,1.0,0.0,0.0,0.0,0.0,0.0,0.0
58.0,1.0,4.0,132.0,458.0,1,0.0,69.0,0.0,1.0,0,2,4,0.0,0.0,0.0,0.0,0.0,0.0,0.0
61.0,1.0,4.0,146.0,241.0,0,0.0,148.0,1.0,3.0,1,1,4,0.0,0.0,0.0,0.0,0.0,0.0,0.0
67.0,1.0,4.0,160.0,384.0,1,1.0,130.0,1.0,0.0,1,2,2,0.0,0.0,0.0,1.0,0.0,0.0,0.0
62.0,1.0,4.0,135.0,297.0,0,0.0,130.0,1.0,1.0,1,1,3,0.0,0.0,0.0,0.0,0.0,0.0,0.0
65.0,1.0,4.0,136.0,248.0,0,0.0,140.0,1.0,4.0,1,1,5,0.0,0.0,0.0,1.0,0.0,0.0,0.0
63.0,1.0,4.0,130.0,308.0,0,0.0,138.0,1.0,2.0,1,1,3,0.0,0.0,0.0,0.0,0.0,0.0,0.0
69.0,1.0,4.0,140.0,208.0,0,1.0,140.0,1.0,2.0,1,0,3,0.0,0.0,0.0,1.0,0.0,0.0,0.0
51.0,1.0,4.0,121.8,227.0,1,1.0,133.4,0.2,1.44,0,1,2,0.0,0.0,0.0,0.0,0.0,0.0,0.0
62.0,1.0,4.0,158.0,210.0,1,0.0,112.0,1.0,3.0,1,1,5,0.0,0.0,0.0,0.0,0.0,0.0,0.0
55.0,1.0,3.0,141.4,245.0,1,1.0,112.8,0.4,1.3,1,2,3,0.0,0.0,0.0,0.0,0.0,0.0,0.0
75.0,1.0,4.0,136.0,225.0,0,0.0,112.0,1.0,3.0,1,0,5,0.0,0.0,0.0,1.0,0.0,0.0,0.0
40.0,1.0,3.0,106.0,240.0,0,0.0,80.0,1.0,0.0,0,0,4,0.0,1.0,0.0,0.0,0.0,0.0,0.0
67.0,1.0,4.0,120.0,252.0,1,0.0,150.0,0.0,1.5,1,2,1,0.0,0.0,0.0,1.0,0.0,0.0,0.0
58.0,1.0,4.0,110.0,198.0,0,0.0,110.0,0.0,0.0,1,0,2,0.0,0.0,0.0,0.0,0.0,0.0,0.0
60.0,1.0,4.0,132.8,195.0,0,0.0,114.4,0.6,0.8,0,0,2,0.0,0.0,0.0,0.0,0.0,0.0,0.0
63.0,1.0,4.0,160.0,267.0,1,1.0,88.0,1.0,2.0,1,2,5,0.0,0.0,0.0,0.0,0.0,0.0,0.0
35.0,1.0,3.0,114.8,161.0,0,1.0,143.4,0.2,0.4,0,0,1,0.0,0.0,0.0,0.0,0.0,1.0,0.0
62.0,1.0,1.0,112.0,258.0,0,1.0,150.0,1.0,1.04,1,1,2,0.0,0.0,0.0,0.0,0.0,0.0,0.0
43.0,1.0,4.0,122.0,241.4,0,0.0,120.0,0.0,0.5,1,1,2,0.0,1.0,0.0,0.0,0.0,0.0,0.0
63.0,1.0,3.0,130.0,238.0,1,1.0,160.0,0.0,3.0,0,1,3,0.0,0.0,0.0,0.0,0.0,0.0,0.0
68.0,1.0,3.0,150.0,195.0,1,0.0,132.0,0.0,0.0,1,1,0,0.0,0.0,0.0,1.0,0.0,0.0,0.0
65.0,1.0,4.0,150.0,235.0,0,0.0,120.0,1.0,1.5,1,0,3,0.0,0.0,0.0,1.0,0.0,0.0,0.0
48.0,1.0,3.0,102.0,223.2,0,1.0,110.0,1.0,1.0,1,0,4,0.0,1.0,0.0,0.0,0.0,0.0,0.0
63.0,1.0,4.0,96.0,305.0,0,1.0,121.0,1.0,1.0,1,1,3,0.0,0.0,0.0,0.0,0.0,0.0,0.0
64.0,1.0,4.0,130.0,223.0,0,1.0,128.0,0.0,0.5,0,0,1,0.0,0.0,0.0,0.0,0.0,0.0,0.0
61.0,1.0,4.0,120.0,282.0,0,1.0,135.0,1.0,4.0,1,1,6,0.0,0.0,0.0,0.0,0.0,0.0,0.0
50.0,1.0,4.0,144.0,349.0,0,2.0,120.0,1.0,1.0,1,1,3,0.0,0.0,0.0,0.0,0.0,0.0,0.0
59.0,1.0,4.0,124.0,253.4,0,0.0,117.0,1.0,1.0,1,1,3,0.0,0.0,0.0,0.0,0.0,0.0,0.0
55.0,1.0,4.0,150.0,160.0,0,1.0,150.0,0.0,0.0,0,0,0,0.0,0.0,0.0,0.0,0.0,0.0,0.0
45.0,1.0,3.0,130.0,236.0,0,0.0,134.8,0.4,0.22000000000000003,0,0,1,0.0,1.0,0.0,0.0,0.0,0.0,0.0
65.0,1.0,4.0,142.4,312.0,0,2.0,122.4,0.6,0.9,1,1,2,0.0,0.0,0.0,1.0,0.0,0.0,0.0
61.0,1.0,2.0,129.2,283.0,0,0.0,97.8,0.6,0.4,0,1,3,0.0,0.0,0.0,0.0,0.0,0.0,0.0
49.0,1.0,3.0,125.4,142.0,0,0.0,114.6,0.6,0.6,1,0,3,0.0,1.0,0.0,0.0,0.0,0.0,0.0
72.0,1.0,4.0,141.6,211.0,0,0.0,119.6,0.6,1.56,1,0,3,0.0,0.0,0.0,1.0,0.0,0.0,0.0
50.0,1.0,4.0,133.6,218.0,0,0.0,111.2,0.4,0.24,1,0,2,0.0,0.0,0.0,0.0,0.0,0.0,0.0
64.0,1.0,4.0,145.0,306.0,1,1.0,105.4,0.0,2.04,1,2,4,0.0,0.0,0.0,0.0,0.0,0.0,0.0
55.0,1.0,4.0,116.0,186.0,1,1.0,102.0,0.0,0.0,1,1,2,0.0,0.0,0.0,0.0,0.0,0.0,0.0
63.0,1.0,4.0,110.0,252.0,0,1.0,140.0,1.0,2.0,1,1,3,0.0,0.0,0.0,0.0,0.0,0.0,0.0
59.0,1.0,4.0,125.0,222.0,0,0.0,135.0,1.0,2.5,1,0,4,0.0,0.0,0.0,0.0,0.0,0.0,0.0
56.0,1.0,4.0,128.8,224.6,0,2.0,116.2,0.8,1.14,1,0,3,0.0,0.0,0.0,0.0,0.0,0.0,0.0
62.0,1.0,3.0,157.0,231.0,1,1.0,120.0,0.0,1.1,1,1,2,0.0,0.0,0.0,0.0,0.0,0.0,0.0
74.0,1.0,4.0,150.0,258.0,1,1.0,130.0,1.0,4.0,1,2,5,0.0,0.0,0.0,1.0,0.0,0.0,0.0
54.0,1.0,4.0,130.0,202.0,1,0.0,112.0,1.0,2.0,1,1,5,0.0,0.0,0.0,0.0,0.0,0.0,0.0
57.0,1.0,4.0,110.0,197.0,0,2.0,100.0,0.0,0.0,0,0,2,0.0,0.0,0.0,0.0,0.0,0.0,0.0
62.0,1.0,3.0,157.0,204.0,0,1.0,108.0,0.4,0.4,1,0,2,0.0,0.0,0.0,0.0,0.0,0.0,0.0
76.0,1.0,3.0,104.0,233.4,0,2.0,120.0,0.0,3.5,1,0,4,0.0,0.0,0.0,1.0,0.0,0.0,0.0
54.0,0.0,4.0,138.0,274.0,0,0.0,105.0,1.0,1.5,1,1,4,1.0,0.0,0.0,0.0,0.0,0.0,0.0
70.0,1.0,4.0,170.0,192.0,0,1.0,129.0,1.0,3.0,1,0,4,0.0,0.0,0.0,1.0,0.0,0.0,0.0
61.0,0.0,2.0,140.0,298.0,1,0.0,120.0,1.0,0.0,0,2,2,1.0,0.0,0.0,0.0,0.0,0.0,0.0
48.0,1.0,4.0,120.0,272.0,0,1.0,148.2,0.4,1.04,0,1,1,0.0,1.0,0.0,0.0,0.0,0.0,0.0
48.0,1.0,3.0,132.0,220.0,1,1.0,162.0,0.0,0.0,1,1,0,0.0,1.0,0.0,0.0,0.0,0.0,0.0
61.0,1.0,1.0,142.0,200.0,1,1.0,100.0,0.0,1.5,1,1,3,0.0,0.0,0.0,0.0,0.0,0.0,0.0
66.0,1.0,4.0,112.0,261.0,0,0.0,140.0,0.0,1.5,1,1,1,0.0,0.0,0.0,1.0,0.0,0.0,0.0
68.0,1.0,1.0,135.2,181.0,1,1.0,128.4,0.2,0.86,0,1,1,0.0,0.0,0.0,1.0,0.0,0.0,0.0
55.0,1.0,4.0,172.0,260.0,0,0.0,73.0,0.0,2.0,1,1,5,0.0,0.0,0.0,0.0,0.0,0.0,0.0
62.0,1.0,3.0,120.0,220.0,0,2.0,86.0,0.0,0.0,0,0,2,0.0,0.0,0.0,0.0,0.0,0.0,0.0
71.0,1.0,3.0,140.6,221.0,0,0.0,104.0,0.8,1.0,1,0,4,0.0,0.0,0.0,1.0,0.0,0.0,0.0
74.0,1.0,1.0,130.2,216.0,1,0.0,126.0,0.2,0.6599999999999999,1,1,0,0.0,0.0,0.0,1.0,0.0,0.0,0.0
53.0,1.0,3.0,155.0,175.0,1,1.0,160.0,0.0,1.5,0,1,1,0.0,0.0,0.0,0.0,0.0,0.0,0.0
58.0,1.0,3.0,150.0,219.0,0,1.0,118.0,1.0,0.0,1,0,2,0.0,0.0,0.0,0.0,0.0,0.0,0.0
75.0,1.0,4.0,160.0,310.0,1,0.0,112.0,1.0,2.0,0,2,4,0.0,0.0,0.0,1.0,0.0,0.0,0.0
56.0,1.0,3.0,141.4,208.0,1,1.0,112.8,0.4,1.3,1,1,3,0.0,0.0,0.0,0.0,0.0,0.0,0.0
58.0,1.0,3.0,157.0,232.0,0,1.0,109.0,0.6,0.8,1,0,3,0.0,0.0,0.0,0.0,0.0,0.0,0.0
64.0,1.0,4.0,134.0,273.0,0,0.0,102.0,1.0,4.0,1,1,7,0.0,0.0,0.0,0.0,0.0,0.0,0.0
54.0,1.0,3.0,137.0,203.0,0,1.0,130.8,0.6,1.6,0,0,3,0.0,0.0,0.0,0.0,0.0,0.0,0.0
54.0,1.0,2.0,134.6,182.0,0,1.0,134.8,0.2,1.28,0,0,2,0.0,0.0,0.0,0.0,0.0,0.0,0.0
59.0,1.0,4.0,140.0,274.0,0,0.0,154.0,1.0,2.0,0,1,3,0.0,0.0,0.0,0.0,0.0,0.0,0.0
55.0,1.0,4.0,135.4,204.0,1,1.0,121.2,0.8,0.9800000000000001,1,1,2,0.0,0.0,0.0,0.0,0.0,0.0,0.0
57.0,1.0,4.0,144.0,270.0,1,1.0,160.0,1.0,2.0,1,2,3,0.0,0.0,0.0,0.0,0.0,0.0,0.0
61.0,1.0,4.0,143.4,292.0,0,1.0,108.0,0.8,0.72,1,1,3,0.0,0.0,0.0,0.0,0.0,0.0,0.0
41.0,1.0,4.0,150.0,171.0,0,0.0,128.0,1.0,1.5,0,0,3,0.0,1.0,0.0,0.0,0.0,0.0,0.0
71.0,1.0,4.0,130.0,221.0,0,1.0,115.0,1.0,0.0,1,0,2,0.0,0.0,0.0,1.0,0.0,0.0,0.0
38.0,1.0,4.0,110.0,289.0,0,0.0,105.0,1.0,1.5,1,1,4,0.0,1.0,0.0,0.0,0.0,0.0,0.0
55.0,1.0,4.0,158.0,217.0,0,0.0,110.0,1.0,2.5,1,0,5,0.0,0.0,0.0,0.0,0.0,0.0,0.0
56.0,1.0,4.0,128.0,223.0,0,1.0,119.0,1.0,2.0,1,0,4,0.0,0.0,0.0,0.0,0.0,0.0,0.0
69.0,1.0,4.0,134.8,249.2,1,0.0,149.4,0.2,1.7799999999999998,1,2,1,0.0,0.0,0.0,1.0,0.0,0.0,0.0
64.0,1.0,4.0,150.0,193.0,0,1.0,135.0,1.0,0.5,1,0,1,0.0,0.0,0.0,0.0,0.0,0.0,0.0
72.0,1.0,4.0,160.0,293.4,1,2.0,130.0,0.0,1.5,1,2,1,0.0,0.0,0.0,1.0,0.0,0.0,0.0
69.0,1.0,4.0,141.0,210.0,1,1.0,115.6,0.0,2.04,1,1,3,0.0,0.0,0.0,1.0,0.0,0.0,0.0
56.0,1.0,4.0,132.0,282.0,1,0.0,120.8,0.8,1.1,1,2,3,0.0,0.0,0.0,0.0,0.0,0.0,0.0
62.0,1.0,4.0,127.0,170.0,0,1.0,120.0,1.0,3.0,1,0,5,0.0,0.0,0.0,0.0,0.0,0.0,0.0
67.0,1.0,4.0,137.6,369.0,0,0.0,119.6,0.6,1.56,1,1,3,0.0,0.0,0.0,1.0,0.0,0.0,0.0
57.0,1.0,4.0,156.0,173.0,0,2.0,119.0,1.0,3.0,1,0,5,0.0,0.0,0.0,0.0,0.0,0.0,0.0
69.0,1.0,4.0,141.0,289.0,1,1.0,115.6,0.0,2.04,1,2,3,0.0,0.0,0.0,1.0,0.0,0.0,0.0
51.0,1.0,4.0,138.0,241.8,1,2.0,135.2,0.8,1.3800000000000001,1,2,3,0.0,0.0,0.0,0.0,0.0,0.0,0.0
48.0,1.0,4.0,140.0,234.8,0,0.0,159.0,1.0,1.5,1,0,2,0.0,1.0,0.0,0.0,0.0,0.0,0.0
69.0,1.0,4.0,122.0,216.0,1,2.0,84.0,1.0,0.0,1,1,3,0.0,0.0,0.0,1.0,0.0,0.0,0.0
69.0,1.0,3.0,130.4,271.0,0,2.0,130.2,0.0,1.1199999999999999,0,1,1,0.0,0.0,0.0,1.0,0.0,0.0,0.0
64.0,1.0,4.0,145.0,244.0,1,1.0,105.4,0.0,2.04,1,2,4,0.0,0.0,0.0,0.0,0.0,0.0,0.0
57.0,1.0,2.0,180.0,285.0,1,1.0,120.0,0.0,0.8,1,2,1,0.0,0.0,0.0,0.0,0.0,0.0,0.0
53.0,1.0,4.0,124.0,243.0,0,0.0,122.0,1.0,2.0,1,1,4,0.0,0.0,0.0,0.0,0.0,0.0,0.0
37.0,1.0,3.0,118.0,240.0,0,2.0,165.0,0.0,1.0,0,0,1,0.0,1.0,0.0,0.0,0.0,0.0,0.0
67.0,1.0,4.0,140.0,219.0,0,1.0,122.0,1.0,2.0,1,0,4,0.0,0.0,0.0,1.0,0.0,0.0,0.0
74.0,1.0,3.0,140.0,237.0,1,0.0,94.0,0.0,0.0,1,1,2,0.0,0.0,0.0,1.0,0.0,0.0,0.0
63.0,1.0,2.0,141.2,165.0,0,1.0,124.0,0.6,0.8400000000000001,0,0,2,0.0,0.0,0.0,0.0,0.0,0.0,0.0
58.0,1.0,4.0,100.0,213.0,0,1.0,110.0,0.0,0.0,0,0,2,0.0,0.0,0.0,0.0,0.0,0.0,0.0
61.0,1.0,4.0,190.0,287.0,1,2.0,150.0,1.0,2.0,1,2,3,0.0,0.0,0.0,0.0,0.0,0.0,0.0
64.0,1.0,4.0,130.0,258.0,1,2.0,130.0,0.0,0.0,1,2,1,0.0,0.0,0.0,0.0,0.0,0.0,0.0
58.0,1.0,4.0,160.0,256.0,1,2.0,113.0,1.0,1.0,1,2,4,0.0,0.0,0.0,0.0,0.0,0.0,0.0
60.0,1.0,4.0,130.0,186.0,1,2.0,140.0,1.0,0.5,1,1,1,0.0,0.0,0.0,0.0,0.0,0.0,0.0
57.0,1.0,4.0,122.0,264.0,0,2.0,100.0,0.0,0.0,1,1,2,0.0,0.0,0.0,0.0,0.0,0.0,0.0
55.0,1.0,3.0,140.6,220.2,0,1.0,132.4,0.4,1.1,0,0,2,0.0,0.0,0.0,0.0,0.0,0.0,0.0
55.0,1.0,4.0,120.0,226.0,0,2.0,127.0,1.0,1.7,1,0,3,0.0,0.0,0.0,0.0,0.0,0.0,0.0
56.0,1.0,4.0,130.0,203.0,1,0.0,98.0,0.0,1.5,1,1,3,0.0,0.0,0.0,0.0,0.0,0.0,0.0
57.0,1.0,4.0,130.0,207.0,0,1.0,96.0,1.0,1.0,0,0,4,0.0,0.0,0.0,0.0,0.0,0.0,0.0
61.0,1.0,3.0,128.0,284.0,0,0.0,112.8,0.8,1.28,1,1,3,0.0,0.0,0.0,0.0,0.0,0.0,0.0
61.0,1.0,3.0,120.0,337.0,0,0.0,98.0,1.0,0.0,1,1,3,0.0,0.0,0.0,0.0,0.0,0.0,0.0
58.0,1.0,3.0,150.0,219.0,0,1.0,118.0,1.0,0.0,1,0,2,0.0,0.0,0.0,0.0,0.0,0.0,0.0
74.0,1.0,4.0,155.0,310.0,0,0.0,112.0,1.0,1.5,1,1,3,0.0,0.0,0.0,1.0,0.0,0.0,0.0
68.0,1.0,3.0,134.0,254.0,1,0.0,151.0,1.0,0.0,0,2,1,0.0,0.0,0.0,1.0,0.0,0.0,0.0
51.0,0.0,4.0,114.0,258.0,1,2.0,96.0,0.0,1.0,0,2,3,1.0,0.0,0.0,0.0,0.0,0.0,0.0
62.0,1.0,4.0,160.0,254.0,1,1.0,108.0,1.0,3.0,1,2,6,0.0,0.0,0.0,0.0,0.0,0.0,0.0
53.0,1.0,4.0,144.0,300.0,1,1.0,128.0,1.0,1.5,1,2,3,0.0,0.0,0.0,0.0,0.0,0.0,0.0
62.0,1.0,4.0,158.0,170.0,0,1.0,138.0,1.0,0.0,1,0,1,0.0,0.0,0.0,0.0,0.0,0.0,0.0
46.0,1.0,4.0,134.0,310.0,0,0.0,126.0,0.0,0.0,1,1,1,0.0,1.0,0.0,0.0,0.0,0.0,0.0
54.0,0.0,4.0,127.0,333.0,1,1.0,154.0,0.0,0.0,1,2,0,1.0,0.0,0.0,0.0,0.0,0.0,0.0
62.0,1.0,1.0,133.0,139.0,0,1.0,134.8,0.0,0.9400000000000001,0,0,0,0.0,0.0,0.0,0.0,0.0,0.0,0.0
55.0,1.0,4.0,122.0,223.0,1,1.0,100.0,0.0,0.0,1,1,2,0.0,0.0,0.0,0.0,0.0,0.0,0.0
58.0,1.0,4.0,139.6,385.0,1,2.0,125.0,0.6,0.9,0,2,2,0.0,0.0,0.0,0.0,0.0,0.0,0.0
62.0,1.0,2.0,120.0,254.0,0,2.0,93.0,1.0,0.0,1,1,3,0.0,0.0,0.0,0.0,0.0,0.0,0.0
28.0,1.0,2.0,130.0,132.0,0,2.0,185.0,0.0,0.0,0,0,0,0.0,0.0,0.0,0.0,0.0,1.0,0.0
29.0,1.0,2.0,120.0,243.0,0,0.0,160.0,0.0,0.0,0,1,1,0.0,0.0,0.0,0.0,0.0,1.0,0.0
29.0,1.0,2.0,140.0,252.0,0,0.0,170.0,0.0,0.0,0,1,0,0.0,0.0,0.0,0.0,0.0,1.0,0.0
30.0,0.0,1.0,170.0,237.0,0,1.0,170.0,0.0,0.0,0,0,0,0.0,0.0,0.0,0.0,0.0,0.0,1.0
31.0,0.0,2.0,100.0,219.0,0,1.0,150.0,0.0,0.0,0,0,1,0.0,0.0,0.0,0.0,0.0,0.0,1.0
32.0,0.0,2.0,105.0,198.0,0,0.0,165.0,0.0,0.0,0,0,0,0.0,0.0,0.0,0.0,0.0,0.0,1.0
32.0,1.0,2.0,110.0,225.0,0,0.0,184.0,0.0,0.0,0,0,0,0.0,0.0,0.0,0.0,0.0,1.0,0.0
32.0,1.0,2.0,125.0,254.0,0,0.0,155.0,0.0,0.0,0,1,1,0.0,0.0,0.0,0.0,0.0,1.0,0.0
33.0,1.0,3.0,120.0,298.0,0,0.0,185.0,0.0,0.0,0,1,0,0.0,0.0,0.0,0.0,0.0,1.0,0.0
34.0,0.0,2.0,130.0,161.0,0,0.0,190.0,0.0,0.0,0,0,0,0.0,0.0,0.0,0.0,0.0,0.0,1.0
34.0,1.0,2.0,150.0,214.0,0,1.0,168.0,0.0,0.0,0,0,0,0.0,0.0,0.0,0.0,0.0,1.0,0.0
34.0,1.0,2.0,98.0,220.0,0,0.0,150.0,0.0,0.0,0,0,1,0.0,0.0,0.0,0.0,0.0,1.0,0.0
35.0,0.0,1.0,120.0,160.0,0,1.0,185.0,0.0,0.0,0,0,0,0.0,0.0,0.0,0.0,0.0,0.0,1.0
35.0,0.0,4.0,140.0,167.0,0,0.0,150.0,0.0,0.0,0,0,1,0.0,0.0,0.0,0.0,0.0,0.0,1.0
35.0,1.0,2.0,120.0,308.0,0,2.0,180.0,0.0,0.0,0,1,0,0.0,0.0,0.0,0.0,0.0,1.0,0.0
35.0,1.0,2.0,150.0,264.0,0,0.0,168.0,0.0,0.0,0,1,0,0.0,0.0,0.0,0.0,0.0,1.0,0.0
36.0,1.0,2.0,120.0,166.0,0,0.0,180.0,0.0,0.0,0,0,0,0.0,0.0,0.0,0.0,0.0,1.0,0.0
36.0,1.0,3.0,112.0,340.0,0,0.0,184.0,0.0,1.0,0,1,1,0.0,0.0,0.0,0.0,0.0,1.0,0.0
36.0,1.0,3.0,130.0,209.0,0,0.0,178.0,0.0,0.0,0,0,0,0.0,0.0,0.0,0.0,0.0,1.0,0.0
36.0,1.0,3.0,150.0,160.0,0,0.0,172.0,0.0,0.0,0,0,0,0.0,0.0,0.0,0.0,0.0,1.0,0.0
37.0,0.0,2.0,120.0,260.0,0,0.0,130.0,0.0,0.0,0,1,1,0.0,0.0,1.0,0.0,0.0,0.0,0.0
37.0,0.0,3.0,130.0,211.0,0,0.0,142.0,0.0,0.0,0,0,1,0.0,0.0,1.0,0.0,0.0,0.0,0.0
37.0,0.0,4.0,130.0,173.0,0,1.0,184.0,0.0,0.0,0,0,0,0.0,0.0,1.0,0.0,0.0,0.0,0.0
37.0,1.0,2.0,130.0,283.0,0,1.0,98.0,0.0,0.0,0,1,2,0.0,1.0,0.0,0.0,0.0,0.0,0.0
37.0,1.0,3.0,130.0,194.0,0,0.0,150.0,0.0,0.0,0,0,1,0.0,1.0,0.0,0.0,0.0,0.0,0.0
37.0,1.0,4.0,120.0,223.0,0,0.0,168.0,0.0,0.0,0,0,0,0.0,1.0,0.0,0.0,0.0,0.0,0.0
37.0,1.0,4.0,130.0,315.0,0,0.0,158.0,0.0,0.0,0,1,0,0.0,1.0,0.0,0.0,0.0,0.0,0.0
38.0,0.0,2.0,120.0,275.0,0,0.0,129.0,0.0,0.0,0,1,1,0.0,0.0,1.0,0.0,0.0,0.0,0.0
38.0,1.0,2.0,140.0,297.0,0,0.0,150.0,0.0,0.0,0,1,1,0.0,1.0,0.0,0.0,0.0,0.0,0.0
38.0,1.0,3.0,145.0,292.0,0,0.0,130.0,0.0,0.0,0,1,1,0.0,1.0,0.0,0.0,0.0,0.0,0.0
39.0,0.0,3.0,110.0,182.0,0,1.0,180.0,0.0,0.0,0,0,0,0.0,0.0,1.0,0.0,0.0,0.0,0.0
39.0,1.0,2.0,120.0,197.2,0,1.0,146.0,0.0,2.0,0,0,3,0.0,1.0,0.0,0.0,0.0,0.0,0.0
39.0,1.0,2.0,120.0,200.0,0,0.0,160.0,1.0,1.0,0,0,2,0.0,1.0,0.0,0.0,0.0,0.0,0.0
39.0,1.0,2.0,120.0,204.0,0,0.0,145.0,0.0,0.0,0,0,1,0.0,1.0,0.0,0.0,0.0,0.0,0.0
39.0,1.0,2.0,130.0,212.0,0,0.0,120.0,0.0,0.0,0,0,2,0.0,1.0,0.0,0.0,0.0,0.0,0.0
39.0,1.0,2.0,190.0,241.0,0,0.0,106.0,0.0,0.0,0,1,2,0.0,1.0,0.0,0.0,0.0,0.0,0.0
39.0,1.0,3.0,120.0,339.0,0,0.0,170.0,0.0,0.0,0,1,0,0.0,1.0,0.0,0.0,0.0,0.0,0.0
39.0,1.0,3.0,160.0,147.0,1,0.0,160.0,0.0,0.0,0,1,0,0.0,1.0,0.0,0.0,0.0,0.0,0.0
39.0,1.0,4.0,110.0,273.0,0,0.0,132.0,0.0,0.0,0,1,1,0.0,1.0,0.0,0.0,0.0,0.0,0.0
39.0,1.0,4.0,130.0,307.0,0,0.0,140.0,0.0,0.0,0,1,1,0.0,1.0,0.0,0.0,0.0,0.0,0.0
40.0,1.0,2.0,130.0,275.0,0,0.0,150.0,0.0,0.0,0,1,1,0.0,1.0,0.0,0.0,0.0,0.0,0.0
40.0,1.0,2.0,140.0,289.0,0,0.0,172.0,0.0,0.0,0,1,0,0.0,1.0,0.0,0.0,0.0,0.0,0.0
40.0,1.0,3.0,130.0,215.0,0,0.0,138.0,0.0,0.0,0,0,1,0.0,1.0,0.0,0.0,0.0,0.0,0.0
40.0,1.0,3.0,130.0,281.0,0,0.0,167.0,0.0,0.0,0,1,0,0.0,1.0,0.0,0.0,0.0,0.0,0.0
40.0,1.0,3.0,140.0,219.2,0,0.0,188.0,0.0,0.0,0,0,0,0.0,1.0,0.0,0.0,0.0,0.0,0.0
41.0,0.0,2.0,110.0,250.0,0,1.0,142.0,0.0,0.0,0,1,1,0.0,0.0,1.0,0.0,0.0,0.0,0.0
41.0,0.0,2.0,125.0,184.0,0,0.0,180.0,0.0,0.0,0,0,0,0.0,0.0,1.0,0.0,0.0,0.0,0.0
41.0,0.0,2.0,130.0,245.0,0,0.0,150.0,0.0,0.0,0,1,1,0.0,0.0,1.0,0.0,0.0,0.0,0.0
41.0,1.0,2.0,120.0,291.0,0,1.0,160.0,0.0,0.0,0,1,0,0.0,1.0,0.0,0.0,0.0,0.0,0.0
41.0,1.0,2.0,120.0,295.0,0,0.0,170.0,0.0,0.0,0,1,0,0.0,1.0,0.0,0.0,0.0,0.0,0.0
41.0,1.0,2.0,125.0,269.0,0,0.0,144.0,0.0,0.0,0,1,1,0.0,1.0,0.0,0.0,0.0,0.0,0.0
41.0,1.0,4.0,112.0,250.0,0,0.0,142.0,0.0,0.0,0,1,1,0.0,1.0,0.0,0.0,0.0,0.0,0.0
42.0,0.0,3.0,115.0,211.0,0,1.0,137.0,0.0,0.0,0,0,1,0.0,0.0,1.0,0.0,0.0,0.0,0.0
42.0,1.0,2.0,120.0,196.0,0,0.0,150.0,0.0,0.0,0,0,1,0.0,1.0,0.0,0.0,0.0,0.0,0.0
42.0,1.0,2.0,120.0,198.0,0,0.0,155.0,0.0,0.0,0,0,0,0.0,1.0,0.0,0.0,0.0,0.0,0.0
42.0,1.0,2.0,150.0,268.0,0,0.0,136.0,0.0,0.0,0,1,1,0.0,1.0,0.0,0.0,0.0,0.0,0.0
42.0,1.0,3.0,120.0,228.0,0,0.0,152.0,1.0,1.5,0,0,2,0.0,1.0,0.0,0.0,0.0,0.0,0.0
42.0,1.0,3.0,160.0,147.0,0,0.0,146.0,0.0,0.0,0,0,1,0.0,1.0,0.0,0.0,0.0,0.0,0.0
42.0,1.0,4.0,140.0,358.0,0,0.0,170.0,0.0,0.0,0,1,0,0.0,1.0,0.0,0.0,0.0,0.0,0.0
43.0,0.0,1.0,100.0,223.0,0,0.0,142.0,0.0,0.0,0,0,1,0.0,0.0,1.0,0.0,0.0,0.0,0.0
43.0,0.0,2.0,120.0,201.0,0,0.0,165.0,0.0,0.0,0,0,0,0.0,0.0,1.0,0.0,0.0,0.0,0.0
43.0,0.0,2.0,120.0,215.0,0,1.0,175.0,0.0,0.0,0,0,0,0.0,0.0,1.0,0.0,0.0,0.0,0.0
43.0,0.0,2.0,120.0,249.0,0,1.0,176.0,0.0,0.0,0,1,0,0.0,0.0,1.0,0.0,0.0,0.0,0.0
43.0,0.0,2.0,120.0,266.0,0,0.0,118.0,0.0,0.0,0,1,2,0.0,0.0,1.0,0.0,0.0,0.0,0.0
43.0,0.0,2.0,150.0,186.0,0,0.0,154.0,0.0,0.0,0,0,0,0.0,0.0,1.0,0.0,0.0,0.0,0.0
43.0,0.0,3.0,150.0,238.6,0,0.0,175.0,0.0,0.0,0,0,0,0.0,0.0,1.0,0.0,0.0,0.0,0.0
43.0,1.0,2.0,142.0,207.0,0,0.0,138.0,0.0,0.0,0,0,1,0.0,1.0,0.0,0.0,0.0,0.0,0.0
44.0,0.0,4.0,120.0,218.0,0,1.0,115.0,0.0,0.0,0,0,2,0.0,0.0,1.0,0.0,0.0,0.0,0.0
44.0,1.0,2.0,120.0,184.0,0,0.0,142.0,0.0,1.0,0,0,2,0.0,1.0,0.0,0.0,0.0,0.0,0.0
44.0,1.0,2.0,130.0,215.0,0,0.0,135.0,0.0,0.0,0,0,1,0.0,1.0,0.0,0.0,0.0,0.0,0.0
44.0,1.0,4.0,150.0,412.0,0,0.0,170.0,0.0,0.0,0,1,0,0.0,1.0,0.0,0.0,0.0,0.0,0.0
45.0,0.0,2.0,130.0,237.0,0,0.0,170.0,0.0,0.0,0,0,0,0.0,0.0,1.0,0.0,0.0,0.0,0.0
45.0,0.0,2.0,180.0,241.4,0,0.0,180.0,0.0,0.0,0,1,0,0.0,0.0,1.0,0.0,0.0,0.0,0.0
45.0,0.0,4.0,132.0,297.0,0,0.0,144.0,0.0,0.0,0,1,1,0.0,0.0,1.0,0.0,0.0,0.0,0.0
45.0,1.0,2.0,140.0,224.0,1,0.0,122.0,0.0,0.0,0,1,2,0.0,1.0,0.0,0.0,0.0,0.0,0.0
45.0,1.0,3.0,135.0,227.6,0,0.0,110.0,0.0,0.0,0,0,2,0.0,1.0,0.0,0.0,0.0,0.0,0.0
45.0,1.0,4.0,120.0,225.0,0,0.0,140.0,0.0,0.0,0,0,1,0.0,1.0,0.0,0.0,0.0,0.0,0.0
45.0,1.0,4.0,140.0,224.0,0,0.0,144.0,0.0,0.0,0,0,1,0.0,1.0,0.0,0.0,0.0,0.0,0.0
46.0,0.0,4.0,130.0,238.0,0,0.0,90.0,0.0,0.0,0,0,2,0.0,0.0,1.0,0.0,0.0,0.0,0.0
46.0,1.0,2.0,140.0,275.0,0,0.0,165.0,1.0,0.0,0,1,1,0.0,1.0,0.0,0.0,0.0,0.0,0.0
46.0,1.0,3.0,120.0,230.0,0,0.0,150.0,0.0,0.0,0,0,0,0.0,1.0,0.0,0.0,0.0,0.0,0.0
46.0,1.0,3.0,150.0,163.0,0,0.0,116.0,0.0,0.0,0,0,2,0.0,1.0,0.0,0.0,0.0,0.0,0.0
46.0,1.0,4.0,110.0,238.0,0,1.0,140.0,1.0,1.0,0,0,3,0.0,1.0,0.0,0.0,0.0,0.0,0.0
46.0,1.0,4.0,110.0,240.0,0,1.0,140.0,0.0,0.0,0,0,1,0.0,1.0,0.0,0.0,0.0,0.0,0.0
46.0,1.0,4.0,180.0,280.0,0,1.0,120.0,0.0,0.0,0,1,2,0.0,1.0,0.0,0.0,0.0,0.0,0.0
47.0,0.0,2.0,140.0,257.0,0,0.0,135.0,0.0,1.0,0,1,2,0.0,0.0,1.0,0.0,0.0,0.0,0.0
47.0,0.0,3.0,130.0,242.8,0,0.0,145.0,0.0,2.0,0,1,3,0.0,0.0,1.0,0.0,0.0,0.0,0.0
47.0,1.0,1.0,110.0,249.0,0,0.0,150.0,0.0,0.0,0,1,0,0.0,1.0,0.0,0.0,0.0,0.0,0.0
47.0,1.0,2.0,160.0,263.0,0,0.0,174.0,0.0,0.0,0,1,0,0.0,1.0,0.0,0.0,0.0,0.0,0.0
47.0,1.0,4.0,140.0,276.0,1,0.0,125.0,1.0,0.0,0,2,2,0.0,1.0,0.0,0.0,0.0,0.0,0.0
48.0,0.0,2.0,132.0,308.0,0,1.0,134.6,0.0,2.0,0,1,3,0.0,0.0,1.0,0.0,0.0,0.0,0.0
48.0,0.0,2.0,120.0,262.4,1,1.0,148.0,0.0,0.0,0,2,0,0.0,0.0,1.0,0.0,0.0,0.0,0.0
48.0,0.0,2.0,120.0,284.0,0,0.0,120.0,0.0,0.0,0,1,2,0.0,0.0,1.0,0.0,0.0,0.0,0.0
48.0,0.0,3.0,120.0,195.0,0,0.0,125.0,0.0,0.0,0,0,1,0.0,0.0,1.0,0.0,0.0,0.0,0.0
48.0,0.0,4.0,108.0,163.0,0,0.0,175.0,0.0,2.0,0,0,2,0.0,0.0,1.0,0.0,0.0,0.0,0.0
48.0,0.0,4.0,120.0,254.0,0,1.0,110.0,0.0,0.0,0,1,2,0.0,0.0,1.0,0.0,0.0,0.0,0.0
48.0,0.0,4.0,150.0,227.0,0,0.0,130.0,1.0,1.0,0,0,3,0.0,0.0,1.0,0.0,0.0,0.0,0.0
48.0,1.0,2.0,100.0,236.4,0,0.0,100.0,0.0,0.0,0,0,2,0.0,1.0,0.0,0.0,0.0,0.0,0.0
48.0,1.0,2.0,130.0,245.0,0,0.0,160.0,0.0,0.0,0,1,0,0.0,1.0,0.0,0.0,0.0,0.0,0.0
48.0,1.0,2.0,140.0,238.0,0,0.0,118.0,0.0,0.0,0,0,2,0.0,1.0,0.0,0.0,0.0,0.0,0.0
48.0,1.0,3.0,110.0,211.0,0,0.0,138.0,0.0,0.0,0,0,1,0.0,1.0,0.0,0.0,0.0,0.0,0.0
49.0,0.0,2.0,110.0,279.4,0,0.0,160.0,0.0,0.0,0,1,0,0.0,0.0,1.0,0.0,0.0,0.0,0.0
49.0,0.0,2.0,110.0,279.4,0,0.0,160.0,0.0,0.0,0,1,0,0.0,0.0,1.0,0.0,0.0,0.0,0.0
49.0,0.0,2.0,124.0,201.0,0,0.0,164.0,0.0,0.0,0,0,0,0.0,0.0,1.0,0.0,0.0,0.0,0.0
49.0,0.0,3.0,130.0,207.0,0,1.0,135.0,0.0,0.0,0,0,1,0.0,0.0,1.0,0.0,0.0,0.0,0.0
49.0,1.0,2.0,100.0,253.0,0,0.0,174.0,0.0,0.0,0,1,0,0.0,1.0,0.0,0.0,0.0,0.0,0.0
49.0,1.0,3.0,140.0,187.0,0,0.0,172.0,0.0,0.0,0,0,0,0.0,1.0,0.0,0.0,0.0,0.0,0.0
49.0,1.0,4.0,120.0,297.0,0,0.0,132.0,0.0,1.0,0,1,2,0.0,1.0,0.0,0.0,0.0,0.0,0.0
49.0,1.0,4.0,140.0,226.0,0,0.0,130.0,0.0,0.0,0,0,1,0.0,1.0,0.0,0.0,0.0,0.0,0.0
50.0,0.0,2.0,110.0,202.0,0,0.0,145.0,0.0,0.0,0,0,0,1.0,0.0,0.0,0.0,0.0,0.0,0.0
50.0,0.0,4.0,120.0,328.0,0,0.0,110.0,1.0,1.0,0,1,4,1.0,0.0,0.0,0.0,0.0,0.0,0.0
50.0,1.0,2.0,120.0,168.0,0,0.0,160.0,0.0,0.0,0,0,0,0.0,0.0,0.0,0.0,0.0,0.0,0.0
50.0,1.0,2.0,140.0,216.0,0,0.0,170.0,0.0,0.0,0,0,0,0.0,0.0,0.0,0.0,0.0,0.0,0.0
50.0,1.0,2.0,170.0,209.0,0,1.0,116.0,0.0,0.0,0,0,2,0.0,0.0,0.0,0.0,0.0,0.0,0.0
50.0,1.0,4.0,140.0,129.0,0,0.0,135.0,0.0,0.0,0,0,1,0.0,0.0,0.0,0.0,0.0,0.0,0.0
50.0,1.0,4.0,150.0,215.0,0,0.0,140.0,1.0,0.0,0,0,2,0.0,0.0,0.0,0.0,0.0,0.0,0.0
51.0,0.0,2.0,160.0,194.0,0,0.0,170.0,0.0,0.0,0,0,0,1.0,0.0,0.0,0.0,0.0,0.0,0.0
51.0,0.0,3.0,110.0,190.0,0,0.0,120.0,0.0,0.0,0,0,1,1.0,0.0,0.0,0.0,0.0,0.0,0.0
51.0,0.0,3.0,130.0,220.0,0,0.0,160.0,1.0,2.0,0,0,3,1.0,0.0,0.0,0.0,0.0,0.0,0.0
51.0,0.0,3.0,150.0,200.0,0,0.0,120.0,0.0,0.5,0,0,1,1.0,0.0,0.0,0.0,0.0,0.0,0.0
51.0,1.0,2.0,125.0,188.0,0,0.0,145.0,0.0,0.0,0,0,0,0.0,0.0,0.0,0.0,0.0,0.0,0.0
51.0,1.0,2.0,130.0,224.0,0,0.0,150.0,0.0,0.0,0,0,0,0.0,0.0,0.0,0.0,0.0,0.0,0.0
51.0,1.0,4.0,130.0,179.0,0,0.0,100.0,0.0,0.0,0,0,2,0.0,0.0,0.0,0.0,0.0,0.0,0.0
52.0,0.0,2.0,120.0,210.0,0,0.0,148.0,0.0,0.0,0,0,0,1.0,0.0,0.0,0.0,0.0,0.0,0.0
52.0,0.0,2.0,140.0,276.2,0,0.0,140.0,0.0,0.0,0,1,1,1.0,0.0,0.0,0.0,0.0,0.0,0.0
52.0,0.0,3.0,125.0,272.0,0,0.0,139.0,0.0,0.0,0,1,1,1.0,0.0,0.0,0.0,0.0,0.0,0.0
52.0,0.0,4.0,130.0,180.0,0,0.0,140.0,1.0,1.5,0,0,3,1.0,0.0,0.0,0.0,0.0,0.0,0.0
52.0,1.0,2.0,120.0,284.0,0,0.0,118.0,0.0,0.0,0,1,1,0.0,0.0,0.0,0.0,0.0,0.0,0.0
52.0,1.0,2.0,140.0,100.0,0,0.0,138.0,1.0,0.0,0,0,2,0.0,0.0,0.0,0.0,0.0,0.0,0.0
52.0,1.0,2.0,160.0,196.0,0,0.0,165.0,0.0,0.0,0,0,0,0.0,0.0,0.0,0.0,0.0,0.0,0.0
52.0,1.0,3.0,140.0,259.0,0,1.0,170.0,0.0,0.0,0,1,0,0.0,0.0,0.0,0.0,0.0,0.0,0.0
53.0,0.0,2.0,113.0,468.0,0,0.0,127.0,0.0,0.0,0,1,1,1.0,0.0,0.0,0.0,0.0,0.0,0.0
53.0,0.0,2.0,140.0,216.0,0,0.0,142.0,1.0,2.0,0,0,3,1.0,0.0,0.0,0.0,0.0,0.0,0.0
53.0,0.0,3.0,120.0,274.0,0,0.0,130.0,0.0,0.0,0,1,1,1.0,0.0,0.0,0.0,0.0,0.0,0.0
53.0,1.0,2.0,120.0,236.4,0,0.0,132.0,0.0,0.0,0,0,1,0.0,0.0,0.0,0.0,0.0,0.0,0.0
53.0,1.0,2.0,140.0,320.0,0,0.0,162.0,0.0,0.0,0,1,0,0.0,0.0,0.0,0.0,0.0,0.0,0.0
53.0,1.0,3.0,120.0,195.0,0,0.0,140.0,0.0,0.0,0,0,1,0.0,0.0,0.0,0.0,0.0,0.0,0.0
53.0,1.0,4.0,124.0,260.0,0,1.0,112.0,1.0,3.0,0,1,6,0.0,0.0,0.0,0.0,0.0,0.0,0.0
53.0,1.0,4.0,130.0,182.0,0,0.0,148.0,0.0,0.0,0,0,0,0.0,0.0,0.0,0.0,0.0,0.0,0.0
53.0,1.0,4.0,140.0,243.0,0,0.0,155.0,0.0,0.0,0,1,0,0.0,0.0,0.0,0.0,0.0,0.0,0.0
54.0,0.0,2.0,120.0,221.0,0,0.0,138.0,0.0,1.0,0,0,2,1.0,0.0,0.0,0.0,0.0,0.0,0.0
54.0,0.0,2.0,120.0,230.0,1,0.0,140.0,0.0,0.0,0,1,1,1.0,0.0,0.0,0.0,0.0,0.0,0.0
54.0,0.0,2.0,120.0,273.0,0,0.0,150.0,0.0,1.5,0,1,1,1.0,0.0,0.0,0.0,0.0,0.0,0.0
54.0,0.0,2.0,130.0,253.0,0,1.0,155.0,0.0,0.0,0,1,0,1.0,0.0,0.0,0.0,0.0,0.0,0.0
54.0,0.0,2.0,140.0,309.0,0,1.0,140.0,0.0,0.0,0,1,1,1.0,0.0,0.0,0.0,0.0,0.0,0.0
54.0,0.0,2.0,150.0,230.0,0,0.0,130.0,0.0,0.0,0,0,1,1.0,0.0,0.0,0.0,0.0,0.0,0.0
54.0,0.0,2.0,160.0,312.0,0,0.0,130.0,0.0,0.0,0,1,1,1.0,0.0,0.0,0.0,0.0,0.0,0.0
54.0,1.0,1.0,120.0,171.0,0,0.0,137.0,0.0,2.0,0,0,3,0.0,0.0,0.0,0.0,0.0,0.0,0.0
54.0,1.0,2.0,110.0,208.0,0,0.0,142.0,0.0,0.0,0,0,0,0.0,0.0,0.0,0.0,0.0,0.0,0.0
54.0,1.0,2.0,120.0,238.0,0,0.0,154.0,0.0,0.0,0,0,0,0.0,0.0,0.0,0.0,0.0,0.0,0.0
54.0,1.0,2.0,120.0,246.0,0,0.0,110.0,0.0,0.0,0,1,2,0.0,0.0,0.0,0.0,0.0,0.0,0.0
54.0,1.0,2.0,160.0,195.0,0,1.0,130.0,0.0,1.0,0,0,2,0.0,0.0,0.0,0.0,0.0,0.0,0.0
54.0,1.0,2.0,160.0,305.0,0,0.0,175.0,0.0,0.0,0,1,0,0.0,0.0,0.0,0.0,0.0,0.0,0.0
54.0,1.0,3.0,120.0,217.0,0,0.0,137.0,0.0,0.0,0,0,1,0.0,0.0,0.0,0.0,0.0,0.0,0.0
54.0,1.0,3.0,150.0,243.8,0,0.0,122.0,0.0,0.0,0,1,1,0.0,0.0,0.0,0.0,0.0,0.0,0.0
54.0,1.0,4.0,150.0,365.0,0,1.0,134.0,0.0,1.0,0,1,2,0.0,0.0,0.0,0.0,0.0,0.0,0.0
55.0,0.0,2.0,110.0,344.0,0,1.0,160.0,0.0,0.0,0,1,0,1.0,0.0,0.0,0.0,0.0,0.0,0.0
55.0,0.0,2.0,122.0,320.0,0,0.0,155.0,0.0,0.0,0,1,0,1.0,0.0,0.0,0.0,0.0,0.0,0.0
55.0,0.0,2.0,130.0,394.0,0,2.0,150.0,0.0,0.0,0,1,0,1.0,0.0,0.0,0.0,0.0,0.0,0.0
55.0,1.0,2.0,120.0,256.0,1,0.0,137.0,0.0,0.0,0,2,1,0.0,0.0,0.0,0.0,0.0,0.0,0.0
55.0,1.0,2.0,140.0,196.0,0,0.0,150.0,0.0,0.0,0,0,0,0.0,0.0,0.0,0.0,0.0,0.0,0.0
55.0,1.0,2.0,145.0,326.0,0,0.0,155.0,0.0,0.0,0,1,0,0.0,0.0,0.0,0.0,0.0,0.0,0.0
55.0,1.0,3.0,110.0,277.0,0,0.0,160.0,0.0,0.0,0,1,0,0.0,0.0,0.0,0.0,0.0,0.0,0.0
55.0,1.0,3.0,120.0,220.0,0,2.0,134.0,0.0,0.0,0,0,1,0.0,0.0,0.0,0.0,0.0,0.0,0.0
55.0,1.0,4.0,120.0,270.0,0,0.0,140.0,0.0,0.0,0,1,1,0.0,0.0,0.0,0.0,0.0,0.0,0.0
55.0,1.0,4.0,140.0,229.0,0,0.0,110.0,1.0,0.5,0,0,3,0.0,0.0,0.0,0.0,0.0,0.0,0.0
56.0,0.0,3.0,130.0,219.0,0,1.0,164.0,0.0,0.0,0,0,0,1.0,0.0,0.0,0.0,0.0,0.0,0.0
56.0,1.0,2.0,130.0,184.0,0,0.0,100.0,0.0,0.0,0,0,2,0.0,0.0,0.0,0.0,0.0,0.0,0.0
56.0,1.0,3.0,130.0,239.2,0,0.0,114.0,0.0,0.0,0,0,2,0.0,0.0,0.0,0.0,0.0,0.0,0.0
56.0,1.0,3.0,130.0,276.0,0,0.0,128.0,1.0,1.0,0,1,3,0.0,0.0,0.0,0.0,0.0,0.0,0.0
56.0,1.0,4.0,120.0,85.0,0,0.0,140.0,0.0,0.0,0,0,0,0.0,0.0,0.0,0.0,0.0,0.0,0.0
57.0,0.0,1.0,130.0,308.0,0,0.0,98.0,0.0,1.0,0,1,3,1.0,0.0,0.0,0.0,0.0,0.0,0.0
57.0,0.0,4.0,180.0,347.0,0,1.0,126.0,1.0,0.8,0,1,2,1.0,0.0,0.0,0.0,0.0,0.0,0.0
57.0,1.0,2.0,140.0,260.0,1,0.0,140.0,0.0,0.0,0,2,0,0.0,0.0,0.0,0.0,0.0,0.0,0.0
58.0,1.0,2.0,130.0,230.0,0,0.0,150.0,0.0,0.0,0,0,0,0.0,0.0,0.0,0.0,0.0,0.0,0.0
58.0,1.0,2.0,130.0,251.0,0,0.0,110.0,0.0,0.0,0,1,2,0.0,0.0,0.0,0.0,0.0,0.0,0.0
58.0,1.0,3.0,140.0,179.0,0,0.0,160.0,0.0,0.0,0,0,0,0.0,0.0,0.0,0.0,0.0,0.0,0.0
58.0,1.0,4.0,135.0,222.0,0,0.0,100.0,0.0,0.0,0,0,2,0.0,0.0,0.0,0.0,0.0,0.0,0.0
59.0,0.0,2.0,130.0,188.0,0,0.0,124.0,0.0,1.0,0,0,2,1.0,0.0,0.0,0.0,0.0,0.0,0.0
59.0,1.0,2.0,140.0,287.0,0,0.0,150.0,0.0,0.0,0,1,0,0.0,0.0,0.0,0.0,0.0,0.0,0.0
59.0,1.0,3.0,130.0,318.0,0,0.0,120.0,1.0,1.0,0,1,3,0.0,0.0,0.0,0.0,0.0,0.0,0.0
59.0,1.0,3.0,180.0,213.0,0,0.0,100.0,0.0,0.0,0,0,2,0.0,0.0,0.0,0.0,0.0,0.0,0.0
59.0,1.0,4.0,140.0,253.4,0,0.0,140.0,0.0,0.0,0,1,0,0.0,0.0,0.0,0.0,0.0,0.0,0.0
60.0,1.0,3.0,120.0,246.0,0,2.0,135.0,0.0,0.0,0,1,1,0.0,0.0,0.0,0.0,0.0,0.0,0.0
61.0,0.0,4.0,130.0,294.0,0,1.0,120.0,1.0,1.0,0,1,3,1.0,0.0,0.0,0.0,0.0,0.0,0.0
61.0,1.0,4.0,125.0,292.0,0,1.0,115.0,1.0,0.0,0,1,2,0.0,0.0,0.0,0.0,0.0,0.0,0.0
62.0,0.0,1.0,160.0,193.0,0,0.0,116.0,0.0,0.0,0,0,1,1.0,0.0,0.0,0.0,0.0,0.0,0.0
62.0,1.0,2.0,140.0,271.0,0,0.0,152.0,0.0,1.0,0,1,1,0.0,0.0,0.0,0.0,0.0,0.0,0.0
31.0,1.0,4.0,120.0,270.0,0,0.0,153.0,1.0,1.5,1,1,3,0.0,0.0,0.0,0.0,0.0,1.0,0.0
33.0,0.0,4.0,100.0,246.0,0,0.0,150.0,1.0,1.0,1,1,3,0.0,0.0,0.0,0.0,0.0,0.0,1.0
34.0,1.0,1.0,140.0,156.0,0,0.0,180.0,0.0,0.0,1,0,0,0.0,0.0,0.0,0.0,0.0,1.0,0.0
35.0,1.0,2.0,110.0,257.0,0,0.0,140.0,0.0,0.0,1,1,1,0.0,0.0,0.0,0.0,0.0,1.0,0.0
36.0,1.0,2.0,120.0,267.0,0,0.0,160.0,0.0,3.0,1,1,3,0.0,0.0,0.0,0.0,0.0,1.0,0.0
37.0,1.0,4.0,140.0,207.0,0,0.0,130.0,1.0,1.5,1,0,3,0.0,1.0,0.0,0.0,0.0,0.0,0.0
38.0,1.0,4.0,110.0,196.0,0,0.0,166.0,0.0,0.0,1,0,0,0.0,1.0,0.0,0.0,0.0,0.0,0.0
38.0,1.0,4.0,120.0,282.0,0,0.0,170.0,0.0,0.0,1,1,0,0.0,1.0,0.0,0.0,0.0,0.0,0.0
38.0,1.0,4.0,92.0,117.0,0,0.0,134.0,1.0,2.5,1,0,4,0.0,1.0,0.0,0.0,0.0,0.0,0.0
40.0,1.0,4.0,120.0,466.0,0,0.0,152.0,1.0,1.0,1,1,3,0.0,1.0,0.0,0.0,0.0,0.0,0.0
41.0,1.0,4.0,110.0,289.0,0,0.0,170.0,0.0,0.0,1,1,0,0.0,1.0,0.0,0.0,0.0,0.0,0.0
41.0,1.0,4.0,120.0,237.0,0,0.0,138.0,1.0,1.0,1,0,3,0.0,1.0,0.0,0.0,0.0,0.0,0.0
43.0,1.0,4.0,150.0,247.0,0,0.0,130.0,1.0,2.0,1,1,4,0.0,1.0,0.0,0.0,0.0,0.0,0.0
46.0,1.0,4.0,110.0,202.0,0,0.0,150.0,1.0,0.0,1,0,1,0.0,1.0,0.0,0.0,0.0,0.0,0.0
46.0,1.0,4.0,118.0,186.0,0,0.0,124.0,0.0,0.0,1,0,1,0.0,1.0,0.0,0.0,0.0,0.0,0.0
46.0,1.0,4.0,120.0,277.0,0,0.0,125.0,1.0,1.0,1,1,3,0.0,1.0,0.0,0.0,0.0,0.0,0.0
47.0,1.0,3.0,140.0,193.0,0,0.0,145.0,1.0,1.0,1,0,3,0.0,1.0,0.0,0.0,0.0,0.0,0.0
47.0,1.0,4.0,150.0,226.0,0,0.0,98.0,1.0,1.5,1,0,4,0.0,1.0,0.0,0.0,0.0,0.0,0.0
48.0,1.0,4.0,106.0,263.0,1,0.0,110.0,0.0,0.0,1,2,2,0.0,1.0,0.0,0.0,0.0,0.0,0.0
48.0,1.0,4.0,120.0,260.0,0,0.0,115.0,0.0,2.0,1,1,4,0.0,1.0,0.0,0.0,0.0,0.0,0.0
48.0,1.0,4.0,160.0,268.0,0,0.0,103.0,1.0,1.0,1,1,4,0.0,1.0,0.0,0.0,0.0,0.0,0.0
49.0,0.0,3.0,160.0,180.0,0,0.0,156.0,0.0,1.0,1,0,1,0.0,0.0,1.0,0.0,0.0,0.0,0.0
49.0,1.0,3.0,115.0,265.0,0,0.0,175.0,0.0,0.0,1,1,0,0.0,1.0,0.0,0.0,0.0,0.0,0.0
49.0,1.0,4.0,130.0,206.0,0,0.0,170.0,0.0,0.0,1,0,0,0.0,1.0,0.0,0.0,0.0,0.0,0.0
50.0,0.0,3.0,140.0,288.0,0,0.0,140.0,1.0,0.0,1,1,2,1.0,0.0,0.0,0.0,0.0,0.0,0.0
50.0,1.0,4.0,145.0,264.0,0,0.0,150.0,0.0,0.0,1,1,0,0.0,0.0,0.0,0.0,0.0,0.0,0.0
51.0,0.0,4.0,160.0,303.0,0,0.0,150.0,1.0,1.0,1,1,2,1.0,0.0,0.0,0.0,0.0,0.0,0.0
52.0,1.0,4.0,130.0,225.0,0,0.0,120.0,1.0,2.0,1,0,4,0.0,0.0,0.0,0.0,0.0,0.0,0.0
54.0,1.0,4.0,125.0,216.0,0,0.0,140.0,0.0,0.0,1,0,1,0.0,0.0,0.0,0.0,0.0,0.0,0.0
54.0,1.0,4.0,125.0,224.0,0,0.0,122.0,0.0,2.0,1,0,3,0.0,0.0,0.0,0.0,0.0,0.0,0.0
55.0,1.0,4.0,140.0,201.0,0,0.0,130.0,1.0,3.0,1,0,5,0.0,0.0,0.0,0.0,0.0,0.0,0.0
57.0,1.0,2.0,140.0,265.0,0,1.0,145.0,1.0,1.0,1,1,2,0.0,0.0,0.0,0.0,0.0,0.0,0.0
58.0,1.0,3.0,130.0,213.0,0,1.0,140.0,0.0,0.0,1,0,0,0.0,0.0,0.0,0.0,0.0,0.0,0.0
59.0,0.0,4.0,130.0,338.0,1,1.0,130.0,1.0,1.5,1,2,3,1.0,0.0,0.0,0.0,0.0,0.0,0.0
60.0,1.0,4.0,100.0,248.0,0,0.0,125.0,0.0,1.0,1,1,2,0.0,0.0,0.0,0.0,0.0,0.0,0.0
63.0,1.0,4.0,150.0,223.0,0,0.0,115.0,0.0,0.0,1,0,1,0.0,0.0,0.0,0.0,0.0,0.0,0.0
65.0,1.0,4.0,140.0,306.0,1,0.0,87.0,1.0,1.5,1,2,4,0.0,0.0,0.0,1.0,0.0,0.0,0.0
32.0,1.0,4.0,118.0,529.0,0,0.0,130.0,0.0,0.0,1,1,2,0.0,0.0,0.0,0.0,0.0,1.0,0.0
38.0,1.0,4.0,110.0,215.6,0,0.0,150.0,1.0,1.0,1,0,3,0.0,1.0,0.0,0.0,0.0,0.0,0.0
39.0,1.0,4.0,110.0,280.0,0,0.0,150.0,0.0,0.0,1,1,1,0.0,1.0,0.0,0.0,0.0,0.0,0.0
40.0,0.0,4.0,150.0,392.0,0,0.0,130.0,0.0,2.0,1,1,3,0.0,0.0,1.0,0.0,0.0,0.0,0.0
43.0,1.0,1.0,120.0,291.0,0,1.0,155.0,0.0,0.0,1,1,0,0.0,1.0,0.0,0.0,0.0,0.0,0.0
45.0,1.0,4.0,130.0,219.0,0,1.0,130.0,1.0,1.0,1,0,3,0.0,1.0,0.0,0.0,0.0,0.0,0.0
46.0,1.0,4.0,120.0,231.0,0,0.0,115.0,1.0,0.0,1,0,3,0.0,1.0,0.0,0.0,0.0,0.0,0.0
46.0,1.0,4.0,130.0,222.0,0,0.0,112.0,0.0,0.0,1,0,2,0.0,1.0,0.0,0.0,0.0,0.0,0.0
48.0,1.0,4.0,122.0,275.0,1,1.0,150.0,1.0,2.0,1,2,3,0.0,1.0,0.0,0.0,0.0,0.0,0.0
48.0,1.0,4.0,160.0,193.0,0,0.0,102.0,1.0,3.0,1,0,6,0.0,1.0,0.0,0.0,0.0,0.0,0.0
48.0,1.0,4.0,160.0,329.0,0,0.0,92.0,1.0,1.5,1,1,4,0.0,1.0,0.0,0.0,0.0,0.0,0.0
48.0,1.0,4.0,160.0,355.0,0,0.0,99.0,1.0,2.0,1,1,5,0.0,1.0,0.0,0.0,0.0,0.0,0.0
50.0,1.0,4.0,130.0,233.0,0,0.0,121.0,1.0,2.0,1,0,4,0.0,0.0,0.0,0.0,0.0,0.0,0.0
52.0,1.0,4.0,120.0,182.0,0,0.0,150.0,0.0,0.0,1,0,0,0.0,0.0,0.0,0.0,0.0,0.0,0.0
52.0,1.0,4.0,170.0,235.2,0,0.0,126.0,1.0,1.5,1,0,3,0.0,0.0,0.0,0.0,0.0,0.0,0.0
53.0,1.0,4.0,120.0,246.0,0,0.0,116.0,1.0,0.0,1,1,3,0.0,0.0,0.0,0.0,0.0,0.0,0.0
54.0,1.0,3.0,120.0,237.0,0,0.0,150.0,1.0,1.5,1,0,2,0.0,0.0,0.0,0.0,0.0,0.0,0.0
54.0,1.0,4.0,130.0,242.0,0,0.0,91.0,1.0,1.0,1,1,4,0.0,0.0,0.0,0.0,0.0,0.0,0.0
54.0,1.0,4.0,130.0,603.0,1,0.0,125.0,1.0,1.0,1,2,3,0.0,0.0,0.0,0.0,0.0,0.0,0.0
54.0,1.0,4.0,140.0,247.4,0,0.0,118.0,1.0,0.0,1,1,2,0.0,0.0,0.0,0.0,0.0,0.0,0.0
54.0,1.0,4.0,200.0,198.0,0,0.0,142.0,1.0,2.0,1,0,3,0.0,0.0,0.0,0.0,0.0,0.0,0.0
55.0,1.0,4.0,140.0,268.0,0,0.0,128.0,1.0,1.5,1,1,3,0.0,0.0,0.0,0.0,0.0,0.0,0.0
56.0,1.0,4.0,150.0,213.0,1,0.0,125.0,1.0,1.0,1,1,3,0.0,0.0,0.0,0.0,0.0,0.0,0.0
57.0,1.0,4.0,150.0,255.0,0,0.0,92.0,1.0,3.0,1,1,6,0.0,0.0,0.0,0.0,0.0,0.0,0.0
58.0,1.0,3.0,160.0,211.0,1,1.0,92.0,0.0,0.0,1,1,2,0.0,0.0,0.0,0.0,0.0,0.0,0.0
58.0,1.0,4.0,130.0,263.0,0,0.0,140.0,1.0,2.0,1,1,3,0.0,0.0,0.0,0.0,0.0,0.0,0.0
41.0,1.0,4.0,130.0,172.0,0,1.0,130.0,0.0,2.0,1,0,3,0.0,1.0,0.0,0.0,0.0,0.0,0.0
43.0,1.0,4.0,120.0,175.0,0,0.0,120.0,1.0,1.0,1,0,4,0.0,1.0,0.0,0.0,0.0,0.0,0.0
44.0,1.0,2.0,150.0,288.0,0,0.0,150.0,1.0,3.0,1,1,4,0.0,1.0,0.0,0.0,0.0,0.0,0.0
44.0,1.0,4.0,130.0,290.0,0,0.0,100.0,1.0,2.0,1,1,5,0.0,1.0,0.0,0.0,0.0,0.0,0.0
46.0,1.0,1.0,140.0,272.0,1,0.0,175.0,0.0,2.0,1,2,2,0.0,1.0,0.0,0.0,0.0,0.0,0.0
47.0,0.0,3.0,135.0,248.0,1,0.0,170.0,0.0,0.0,1,2,0,0.0,0.0,1.0,0.0,0.0,0.0,0.0
48.0,0.0,4.0,138.0,214.0,0,0.0,108.0,1.0,1.5,1,0,4,0.0,0.0,1.0,0.0,0.0,0.0,0.0
49.0,1.0,4.0,130.0,341.0,0,0.0,120.0,1.0,1.0,1,1,3,0.0,1.0,0.0,0.0,0.0,0.0,0.0
49.0,1.0,4.0,140.0,234.0,0,0.0,140.0,1.0,1.0,1,0,3,0.0,1.0,0.0,0.0,0.0,0.0,0.0
51.0,1.0,3.0,135.0,160.0,0,0.0,150.0,0.0,2.0,1,0,2,0.0,0.0,0.0,0.0,0.0,0.0,0.0
52.0,1.0,4.0,112.0,342.0,0,1.0,96.0,1.0,1.0,1,1,4,0.0,0.0,0.0,0.0,0.0,0.0,0.0
52.0,1.0,4.0,130.0,298.0,0,0.0,110.0,1.0,1.0,1,1,4,0.0,0.0,0.0,0.0,0.0,0.0,0.0
52.0,1.0,4.0,140.0,404.0,0,0.0,124.0,1.0,2.0,1,1,4,0.0,0.0,0.0,0.0,0.0,0.0,0.0
52.0,1.0,4.0,160.0,246.0,0,1.0,82.0,1.0,4.0,1,1,8,0.0,0.0,0.0,0.0,0.0,0.0,0.0
53.0,1.0,3.0,145.0,518.0,0,0.0,130.0,0.0,0.0,1,1,1,0.0,0.0,0.0,0.0,0.0,0.0,0.0
53.0,1.0,4.0,180.0,285.0,0,1.0,120.0,1.0,1.5,1,1,3,0.0,0.0,0.0,0.0,0.0,0.0,0.0
54.0,1.0,4.0,140.0,216.0,0,0.0,105.0,0.0,1.5,1,0,3,0.0,0.0,0.0,0.0,0.0,0.0,0.0
55.0,1.0,2.0,160.0,292.0,1,0.0,143.0,1.0,2.0,1,2,3,0.0,0.0,0.0,0.0,0.0,0.0,0.0
55.0,1.0,4.0,145.0,248.0,0,0.0,96.0,1.0,2.0,1,1,5,0.0,0.0,0.0,0.0,0.0,0.0,0.0
56.0,0.0,2.0,120.0,279.0,0,0.0,150.0,0.0,1.0,1,1,1,1.0,0.0,0.0,0.0,0.0,0.0,0.0
56.0,1.0,4.0,150.0,230.0,0,1.0,124.0,1.0,1.5,1,0,3,0.0,0.0,0.0,0.0,0.0,0.0,0.0
56.0,1.0,4.0,170.0,388.0,0,1.0,122.0,1.0,2.0,1,1,4,0.0,0.0,0.0,0.0,0.0,0.0,0.0
58.0,1.0,2.0,136.0,164.0,0,1.0,99.0,1.0,2.0,1,0,5,0.0,0.0,0.0,0.0,0.0,0.0,0.0
59.0,1.0,4.0,130.0,253.4,0,0.0,125.0,0.0,0.0,1,1,1,0.0,0.0,0.0,0.0,0.0,0.0,0.0
59.0,1.0,4.0,140.0,264.0,1,2.0,119.0,1.0,0.0,1,2,2,0.0,0.0,0.0,0.0,0.0,0.0,0.0
65.0,1.0,4.0,170.0,263.0,1,0.0,112.0,1.0,2.0,1,2,4,0.0,0.0,0.0,1.0,0.0,0.0,0.0
66.0,1.0,4.0,140.0,256.0,0,0.0,94.0,1.0,1.0,1,1,4,0.0,0.0,0.0,1.0,0.0,0.0,0.0
41.0,1.0,4.0,120.0,336.0,0,0.0,118.0,1.0,3.0,1,1,6,0.0,1.0,0.0,0.0,0.0,0.0,0.0
43.0,1.0,4.0,140.0,288.0,0,0.0,135.0,1.0,2.0,1,1,4,0.0,1.0,0.0,0.0,0.0,0.0,0.0
44.0,1.0,4.0,135.0,491.0,0,0.0,135.0,0.0,0.0,1,1,1,0.0,1.0,0.0,0.0,0.0,0.0,0.0
47.0,0.0,4.0,120.0,205.0,0,0.0,98.0,1.0,2.0,1,0,5,0.0,0.0,1.0,0.0,0.0,0.0,0.0
47.0,1.0,4.0,160.0,291.0,0,1.0,158.0,1.0,3.0,1,1,4,0.0,1.0,0.0,0.0,0.0,0.0,0.0
49.0,1.0,4.0,128.0,212.0,0,0.0,96.0,1.0,0.0,1,0,3,0.0,1.0,0.0,0.0,0.0,0.0,0.0
49.0,1.0,4.0,150.0,222.0,0,0.0,122.0,0.0,2.0,1,0,3,0.0,1.0,0.0,0.0,0.0,0.0,0.0
50.0,1.0,4.0,140.0,231.0,0,1.0,140.0,1.0,5.0,1,0,7,0.0,0.0,0.0,0.0,0.0,0.0,0.0
50.0,1.0,4.0,140.0,341.0,0,1.0,125.0,1.0,2.5,1,1,4,0.0,0.0,0.0,0.0,0.0,0.0,0.0
52.0,1.0,4.0,140.0,266.0,0,0.0,134.0,1.0,2.0,1,1,4,0.0,0.0,0.0,0.0,0.0,0.0,0.0
52.0,1.0,4.0,160.0,331.0,0,0.0,94.0,1.0,2.5,1,1,5,0.0,0.0,0.0,0.0,0.0,0.0,0.0
54.0,0.0,3.0,130.0,294.0,0,1.0,100.0,1.0,0.0,1,1,3,1.0,0.0,0.0,0.0,0.0,0.0,0.0
56.0,1.0,4.0,155.0,342.0,1,0.0,150.0,1.0,3.0,1,2,4,0.0,0.0,0.0,0.0,0.0,0.0,0.0
58.0,0.0,2.0,180.0,393.0,0,0.0,110.0,1.0,1.0,1,1,4,1.0,0.0,0.0,0.0,0.0,0.0,0.0
65.0,1.0,4.0,130.0,275.0,0,1.0,115.0,1.0,1.0,1,1,3,0.0,0.0,0.0,1.0,0.0,0.0,0.0
